// MilkShape 3D ASCII

Frames: 30
Frame: 1

Meshes: 2
"scroller" 0 0
12
0 0.000000 -23.000000 7.450002 0.551018 0.908796 -1
0 5.751484 -6.169774 7.450000 0.546875 0.643631 -1
0 0.000000 25.620199 7.449998 0.534100 0.327417 -1
0 24.051661 1.516300 7.450000 0.551018 0.356369 -1
0 19.053097 6.692636 7.449999 0.546875 0.356369 -1
0 -5.751484 -6.169774 7.450000 0.546875 0.643631 -1
0 -19.053478 6.692636 7.449999 0.546875 0.356369 -1
0 -24.051661 1.516300 7.450000 0.542731 0.356369 -1
0 0.000000 -23.000000 7.450002 0.542731 0.908796 -1
0 0.000000 25.620199 7.449998 0.559649 0.327417 -1
0 -5.751484 25.620247 7.449998 0.557578 0.261126 -1
0 5.751484 25.620199 7.449998 0.536171 0.261126 -1
12
0.000000 0.000000 1.000000
0.000000 0.000000 1.000000
0.000000 0.000000 1.000000
-0.000000 0.000000 1.000000
-0.000000 0.000000 1.000000
-0.000000 0.000000 1.000000
0.000000 0.000000 1.000000
0.000000 0.000000 1.000000
-0.000000 0.000000 1.000000
-0.000000 0.000000 1.000000
0.000000 0.000000 1.000000
0.000000 0.000000 1.000000
8
0 0 1 2 0 1 2 1
0 1 0 3 1 0 3 1
0 4 1 3 4 1 3 1
0 5 6 7 5 6 7 1
0 5 7 8 5 7 8 1
0 5 8 9 5 8 9 1
0 10 5 9 10 5 9 1
0 1 11 2 1 11 2 1
"shell" 0 1
451
3 20.264883 13.016656 0.000000 0.014186 0.377614 -1
3 19.429562 13.466315 0.000000 0.012599 0.275164 -1
3 30.639725 1.516300 -0.000000 0.015100 0.479399 -1
3 19.429562 12.025830 -0.000001 0.012599 0.319358 -1
3 18.457245 13.016656 -0.000000 0.011622 0.337664 -1
3 9.516092 2.614311 -0.000000 0.010158 0.475608 -1
3 -18.457245 13.016656 -0.000000 0.004298 0.337663 -1
3 -19.429562 13.466315 0.000000 0.003322 0.275163 -1
3 -9.516092 2.614311 -0.000000 0.005763 0.475608 -1
3 10.482342 30.216208 -0.000000 0.010646 0.026274 -1
3 9.516092 29.256649 -0.000002 0.010158 0.057524 -1
3 10.482342 5.675669 0.000000 0.010646 0.400164 -1
3 -10.482342 30.216208 -0.000000 0.005275 0.026274 -1
3 -9.516092 29.256649 0.000000 0.005763 0.057524 -1
3 -10.482342 5.675669 0.000000 0.005275 0.400163 -1
3 -19.429562 12.025830 -0.000001 0.003322 0.319358 -1
3 -20.264883 13.016656 0.000000 0.001726 0.377281 -1
3 -32.417458 1.516300 -0.000000 0.000928 0.428340 -1
3 -30.639725 1.516300 -0.000000 0.000821 0.479399 -1
3 0.000000 -28.825134 0.000000 0.007960 0.936315 -1
3 0.000000 -30.326008 0.000000 0.007960 0.980509 -1
3 1.839303 -29.237999 -0.000001 0.011802 0.733684 -1
3 32.417458 1.516300 0.000000 0.013820 0.605175 -1
3 1.839303 -29.237999 -0.000001 0.011867 0.730286 -1
3 32.417458 1.516300 0.000000 0.014979 0.428838 -1
3 10.887949 3.907268 -0.000001 0.011378 0.397483 -1
3 10.482342 30.216208 -0.000000 0.009303 0.026274 -1
3 -10.482342 30.216208 -0.000000 0.007960 0.026274 -1
3 -10.482342 30.216208 -0.000000 0.005275 0.213219 -1
3 -32.417458 1.516300 -0.000000 0.002088 0.604677 -1
3 -1.839305 -29.237999 -0.000001 0.004043 0.729800 -1
3 -1.839305 -29.237999 -0.000001 0.004045 0.729954 -1
3 6.355139 27.066771 3.750000 0.044182 0.092009 -1
3 8.679513 28.443705 1.874998 0.037796 0.071268 -1
3 -8.679513 28.443705 1.875000 0.037796 0.112751 -1
3 -0.836580 -25.097385 6.250000 0.051418 0.816898 -1
3 0.000000 -23.000000 7.500000 0.051858 0.941413 -1
3 -24.051659 1.516300 7.500000 0.052045 0.697178 -1
3 -6.857527 16.955288 5.624999 0.041012 0.148396 -1
3 -7.108718 17.311834 4.687499 0.040166 0.142749 -1
3 -7.108718 16.214237 4.687500 0.040166 0.160135 -1
3 7.320073 0.475752 3.750000 0.029592 0.917112 -1
3 6.951718 5.821345 4.687499 0.029414 0.690374 -1
3 5.798329 5.019477 7.500000 0.028854 0.727499 -1
3 5.798324 18.981781 7.500000 0.044529 0.291440 -1
3 -5.151780 19.920538 7.499999 0.038097 0.270465 -1
3 -5.798327 18.981833 7.500000 0.037424 0.291439 -1
3 6.973540 16.434521 4.687499 0.029639 0.346376 -1
3 6.670859 16.619947 5.624999 0.029128 0.339828 -1
3 5.798329 15.593551 7.500000 0.028594 0.376072 -1
3 7.320070 26.281872 3.749999 0.030313 0.029348 -1
3 5.798324 25.620247 7.500000 0.028531 0.054272 -1
3 7.320070 18.981781 3.749999 0.030409 0.302680 -1
3 -5.798327 15.593551 7.500000 0.038204 0.425049 -1
3 5.798328 16.649418 7.499999 0.043952 0.387250 -1
3 -5.798327 16.649418 7.499999 0.038204 0.388094 -1
3 5.798329 5.019477 7.500000 0.044414 0.675700 -1
3 -5.798327 6.222060 7.499999 0.037721 0.639349 -1
3 -5.798327 5.019477 7.500000 0.037721 0.675700 -1
3 -8.679513 2.148911 1.875000 0.046824 0.032053 -1
3 -9.516092 2.614311 -0.000000 0.045342 0.039285 -1
3 -19.293301 10.082603 3.250000 0.048305 0.334413 -1
3 -1.254869 -10.190636 7.500000 0.050014 0.225270 -1
3 0.000000 -10.713498 7.500000 0.050014 0.364401 -1
3 0.000000 -8.665413 7.500000 0.050014 0.334015 -1
3 8.679513 28.443705 1.874998 0.035016 0.034999 -1
3 7.320070 26.281872 3.749999 0.033622 0.236980 -1
3 7.320070 18.981781 3.749999 0.033622 0.338169 -1
3 5.798329 -1.230006 7.500000 0.044451 0.846384 -1
3 5.151782 -1.379258 7.500000 0.043809 0.869287 -1
3 4.588207 -1.941907 7.500000 0.043508 0.878631 -1
3 19.293301 10.096108 3.250000 0.058335 0.417400 -1
3 19.155474 8.139375 7.500000 0.056993 0.435671 -1
3 20.041256 7.811249 7.500000 0.057346 0.446139 -1
3 24.051659 1.516300 7.500000 0.055692 0.572336 -1
3 26.116196 1.516300 6.500000 0.055692 0.572539 -1
3 20.041256 7.811249 7.500000 0.055692 0.453875 -1
3 -19.053478 6.692636 7.500000 0.051767 0.457176 -1
3 -19.155474 8.139375 7.500000 0.051767 0.378791 -1
3 -19.930984 7.690645 7.500000 0.051767 0.437521 -1
3 0.836580 -25.097385 6.250000 0.056148 0.982144 -1
3 26.116196 1.516300 6.500000 0.056273 0.635858 -1
3 24.051659 1.516300 7.500000 0.055451 0.649184 -1
3 -5.798332 -7.110926 7.500000 0.051563 0.345530 -1
3 -7.320071 -4.041777 7.500000 0.051563 0.195210 -1
3 -11.189251 -0.256255 7.500000 0.051563 0.129352 -1
3 19.053097 6.692636 7.500000 0.055225 0.338284 -1
3 18.290558 7.690644 7.500000 0.055987 0.271337 -1
3 11.189251 -0.256255 7.500000 0.055985 0.196552 -1
3 1.254869 -10.190636 7.500000 0.055579 0.079084 -1
3 0.000000 -10.713498 7.500000 0.055579 0.140195 -1
3 1.254869 -11.706944 7.500000 0.055579 0.110847 -1
3 -1.254869 -11.706944 7.500000 0.051452 0.097777 -1
3 0.000000 -10.713498 7.500000 0.051452 0.121270 -1
3 -1.254869 -10.190636 7.500000 0.051452 0.072352 -1
3 -8.900746 -0.568600 6.187500 0.051325 0.174647 -1
3 -10.044998 -0.611588 6.843750 0.051905 0.164372 -1
3 -7.288699 -1.202227 7.250000 0.050943 0.228569 -1
3 -5.798327 -2.737970 7.500000 0.050014 0.199253 -1
3 -7.320071 -4.041777 7.500000 0.050014 0.138079 -1
3 -5.798327 -5.556363 7.500000 0.050014 0.208025 -1
3 29.249123 1.516300 3.250000 0.060575 0.653468 -1
3 0.000000 -28.825134 0.000000 0.061879 0.971335 -1
3 30.639725 1.516300 -0.000000 0.062066 0.653468 -1
3 0.000000 -8.665413 7.500000 0.057609 0.318670 -1
3 1.254869 -10.190636 7.500000 0.057609 0.251559 -1
3 5.798332 -5.556363 7.500000 0.057609 0.165452 -1
3 8.900746 -0.568600 6.187500 0.051752 0.197228 -1
3 8.242702 -0.373437 5.375000 0.051540 0.194200 -1
3 7.320071 -1.202227 7.250000 0.051241 0.229701 -1
3 -18.290558 7.690644 7.500000 0.053301 0.128241 -1
3 -11.189251 -0.256255 7.500000 0.053294 0.284727 -1
3 -19.293301 10.082603 3.250000 0.053888 0.078886 -1
3 -4.588205 2.770987 7.500000 0.023711 0.792836 -1
3 -5.151780 -1.379258 7.500000 0.022943 0.911809 -1
3 -4.588205 -1.941907 7.500000 0.023731 0.900640 -1
3 4.588207 2.770987 7.500000 0.043358 0.742233 -1
3 -5.151780 3.895232 7.500000 0.038034 0.726613 -1
3 -4.588205 2.770987 7.500000 0.038490 0.742233 -1
3 4.588207 2.770987 7.500000 0.026940 0.790392 -1
3 5.151782 -1.379258 7.500000 0.026094 0.907913 -1
3 5.151782 3.895232 7.500000 0.026099 0.765395 -1
3 4.588207 13.803562 7.499999 0.026957 0.468222 -1
3 5.151782 9.122256 7.499999 0.026106 0.587948 -1
3 5.151782 14.698556 7.500000 0.026112 0.443181 -1
3 4.588207 13.803562 7.499999 0.043509 0.489760 -1
3 -5.151780 14.698556 7.500000 0.038238 0.476436 -1
3 -4.588205 13.803562 7.499999 0.038665 0.489760 -1
3 -4.588205 24.051661 7.499998 0.038412 0.237057 -1
3 5.151780 24.835955 7.499999 0.043820 0.220138 -1
3 -5.151780 24.835955 7.499999 0.038039 0.220138 -1
3 -4.588205 20.859247 7.499999 0.023623 0.306602 -1
3 -5.151780 24.835955 7.499999 0.022787 0.111445 -1
3 -5.151780 19.920538 7.499999 0.022816 0.264011 -1
3 4.588204 20.859247 7.499999 0.026966 0.307572 -1
3 5.151780 24.835955 7.499999 0.026125 0.114274 -1
3 4.588205 24.051661 7.499998 0.026975 0.139358 -1
3 -5.798327 16.649418 7.499999 0.037973 0.363948 -1
3 5.798324 18.981781 7.500000 0.044078 0.328101 -1
3 -5.798327 18.981833 7.500000 0.037973 0.328100 -1
3 -8.679513 2.148911 1.875000 0.017817 0.945797 -1
3 -7.320071 7.529215 3.750000 0.019273 0.644412 -1
3 -7.320071 16.698627 3.750000 0.019273 0.407895 -1
3 -19.930984 7.690645 7.500000 0.050475 0.458790 -1
3 -19.155474 8.139375 7.500000 0.050475 0.414990 -1
3 -19.293301 10.082603 3.250000 0.049146 0.409310 -1
3 7.320071 -1.202227 7.250000 0.061065 0.064158 -1
3 5.798329 -1.230006 7.500000 0.061964 0.011628 -1
3 5.798327 -2.737970 7.500000 0.061042 0.005694 -1
3 -29.249123 1.516300 3.250000 0.048081 0.646741 -1
3 0.000000 -28.825134 0.000000 0.045382 0.974303 -1
3 0.000000 -27.815351 3.250000 0.048059 0.973741 -1
3 0.000000 -7.367180 7.500000 0.060763 0.133162 -1
3 0.000000 -8.665413 7.500000 0.061945 0.137229 -1
3 5.798327 -2.737970 7.500000 0.062074 0.017352 -1
3 0.836580 -25.097385 6.250000 0.056959 0.813522 -1
3 0.000000 -27.815351 3.250000 0.058357 0.972455 -1
3 29.249123 1.516300 3.250000 0.058405 0.654588 -1
3 -0.836580 -25.097385 6.250000 0.050563 0.818651 -1
3 -29.249123 1.516300 3.250000 0.048968 0.653853 -1
3 0.000000 -27.815351 3.250000 0.048955 0.980854 -1
3 5.798329 -1.230006 7.500000 0.060711 0.010529 -1
3 -5.798327 -1.230006 7.500000 0.047178 0.113670 -1
3 -5.798327 -2.737970 7.500000 0.048132 0.099225 -1
3 0.000000 -7.367180 7.500000 0.047204 0.021963 -1
3 0.000000 -8.665413 7.500000 0.048204 0.006807 -1
3 9.516092 2.614311 -0.000000 0.036658 0.969699 -1
3 8.679513 28.443705 1.874998 0.035122 0.043960 -1
3 8.679513 2.148911 1.875000 0.035087 0.968162 -1
3 -8.679513 28.443705 1.875000 0.017266 0.042328 -1
3 -9.516092 2.614311 -0.000000 0.015872 0.939713 -1
3 -8.679513 2.148911 1.875000 0.017266 0.945797 -1
3 -5.151780 9.122256 7.499999 0.037636 0.487255 -1
3 4.588207 9.902566 7.499999 0.044046 0.474060 -1
3 -4.588205 9.902566 7.499999 0.038007 0.474060 -1
3 5.798329 8.341942 7.500000 0.044337 0.572602 -1
3 -5.798327 6.222060 7.499999 0.037593 0.613649 -1
3 5.798329 6.222060 7.499999 0.044337 0.613649 -1
3 -5.798327 8.341948 7.500000 0.021857 0.548847 -1
3 -5.151780 14.698556 7.500000 0.022631 0.443140 -1
3 -5.798327 15.593551 7.500000 0.021830 0.417887 -1
3 -4.588205 -1.941907 7.500000 0.038607 0.878631 -1
3 -5.798327 -1.230006 7.500000 0.037663 0.889796 -1
3 0.000000 -7.367180 7.500000 0.041057 0.976619 -1
3 -6.606335 6.372258 6.562499 0.041810 0.403811 -1
3 -6.857527 6.635819 5.624999 0.040921 0.399780 -1
3 -6.857527 5.380950 5.625000 0.040921 0.418970 -1
3 5.151780 19.920538 7.499999 0.024234 0.263456 -1
3 5.798324 25.620247 7.500000 0.025720 0.065798 -1
3 5.151780 24.835955 7.499999 0.024269 0.096079 -1
3 -5.151780 24.835955 7.499999 0.037923 0.212282 -1
3 5.798324 25.620247 7.500000 0.044518 0.193912 -1
3 -5.798327 25.620247 7.500000 0.037440 0.193912 -1
3 -5.151780 19.920538 7.499999 0.022640 0.264011 -1
3 -5.798327 25.620247 7.500000 0.021819 0.153562 -1
3 -5.798327 18.981833 7.500000 0.021833 0.221420 -1
3 -5.151780 19.920538 7.499999 0.037471 0.238727 -1
3 4.588204 20.859247 7.499999 0.044272 0.222670 -1
3 -4.588205 20.859247 7.499999 0.037865 0.222670 -1
3 -5.151780 9.122256 7.499999 0.022879 0.589103 -1
3 -4.588205 13.803562 7.499999 0.023652 0.468393 -1
3 -5.151780 14.698556 7.500000 0.022851 0.443140 -1
3 -5.151780 9.122256 7.499999 0.038296 0.522351 -1
3 5.798329 8.341942 7.500000 0.044472 0.535754 -1
3 5.151782 9.122256 7.499999 0.043826 0.522351 -1
3 5.151782 14.698556 7.500000 0.024474 0.398926 -1
3 5.798329 8.341942 7.500000 0.025294 0.631617 -1
3 5.798329 15.593551 7.500000 0.025314 0.378929 -1
3 5.151782 14.698556 7.500000 0.043811 0.462445 -1
3 -5.798327 15.593551 7.500000 0.037569 0.444841 -1
3 -5.151780 14.698556 7.500000 0.038000 0.462445 -1
3 -5.151780 3.895232 7.500000 0.023047 0.768057 -1
3 -5.798327 -1.230006 7.500000 0.022287 0.922977 -1
3 -5.151780 -1.379258 7.500000 0.023075 0.911809 -1
3 5.151782 3.895232 7.500000 0.043762 0.711682 -1
3 -5.798327 5.019477 7.500000 0.037621 0.693382 -1
3 -5.151780 3.895232 7.500000 0.038070 0.711682 -1
3 5.151782 3.895232 7.500000 0.024520 0.747549 -1
3 5.798329 -1.230006 7.500000 0.025417 0.945545 -1
3 5.798329 5.019477 7.500000 0.025263 0.704947 -1
3 8.679513 2.148911 1.875000 0.062006 0.192242 -1
3 8.242702 -0.373437 5.375000 0.060878 0.170087 -1
3 10.887949 3.907268 -0.000001 0.062170 0.227192 -1
3 -6.857527 15.871597 5.625000 0.020371 0.350600 -1
3 -7.108718 16.214237 4.687500 0.020225 0.340935 -1
3 -7.320071 7.529215 3.750000 0.020102 0.585931 -1
3 -7.108718 5.686911 4.687500 0.020330 0.683090 -1
3 -7.320071 0.475752 3.750000 0.020207 0.888881 -1
3 -6.857527 5.380950 5.625000 0.020476 0.694161 -1
3 -5.798327 25.620247 7.500000 0.038668 0.158722 -1
3 -6.559199 26.020294 5.625000 0.038668 0.158722 -1
3 -6.178763 25.744106 6.562500 0.038668 0.158722 -1
3 -7.288699 -1.202227 7.250000 0.050221 0.209437 -1
3 -5.798327 -1.230006 7.500000 0.049401 0.115448 -1
3 -7.320071 0.475752 3.750000 0.048922 0.152592 -1
3 7.320071 -4.041777 7.500000 0.057749 0.052792 -1
3 5.798327 -2.737970 7.500000 0.057749 0.099838 -1
3 5.798332 -5.556363 7.500000 0.057749 0.109532 -1
3 -8.679513 28.443705 1.875000 0.037852 0.040021 -1
3 9.516092 29.256649 -0.000002 0.044603 0.021857 -1
3 -9.516092 29.256649 0.000000 0.037542 0.021857 -1
3 -19.293301 10.082603 3.250000 0.048321 0.396261 -1
3 -30.639725 1.516300 -0.000000 0.045459 0.602017 -1
3 -29.249123 1.516300 3.250000 0.048865 0.599689 -1
3 10.044998 -0.611588 6.843750 0.057806 0.291684 -1
3 11.189251 -0.256255 7.500000 0.058098 0.278225 -1
3 8.242702 -0.373437 5.375000 0.057252 0.310145 -1
3 19.293301 10.096108 3.250000 0.059697 0.409200 -1
3 30.639725 1.516300 -0.000000 0.060963 0.608615 -1
3 19.429562 12.025830 -0.000001 0.062076 0.389844 -1
3 5.798332 -7.110926 7.500000 0.053713 0.510321 -1
3 1.254869 -11.706944 7.500000 0.053713 0.583760 -1
3 1.254869 -12.676386 7.499998 0.053713 0.605394 -1
3 19.053097 5.642143 7.499999 0.053713 0.364715 -1
3 24.051659 1.516300 7.500000 0.053713 0.414883 -1
3 19.053097 6.692636 7.500000 0.053713 0.343831 -1
3 0.000000 -22.008850 7.500000 0.053713 0.723029 -1
3 23.138460 1.516300 7.500000 0.053713 0.414883 -1
3 -24.051659 1.516300 7.500000 0.053713 0.414793 -1
3 -23.138460 1.516300 7.500000 0.053713 0.414793 -1
3 -19.053097 5.642143 7.499999 0.053713 0.364715 -1
3 -19.053478 6.692636 7.500000 0.053713 0.340628 -1
3 6.355139 27.066771 3.750000 0.040983 0.083956 -1
3 6.780588 26.949369 3.750000 0.042662 0.096701 -1
3 7.069974 26.749052 3.750000 0.044484 0.083956 -1
3 5.798324 18.981781 7.500000 0.037937 0.328204 -1
3 5.798328 16.649418 7.499999 0.037937 0.364393 -1
3 6.670859 16.619947 5.624999 0.038090 0.364850 -1
3 5.798329 8.341942 7.500000 0.037826 0.574104 -1
3 5.798329 6.222060 7.499999 0.037826 0.606996 -1
3 6.642046 5.990985 5.624999 0.037965 0.607774 -1
3 -1.254869 -12.676386 7.499998 0.053713 0.605394 -1
3 -5.798332 -7.110926 7.500000 0.053713 0.510321 -1
3 6.780588 26.949369 3.750000 0.044348 0.140363 -1
3 6.355139 27.066771 3.750000 0.044140 0.137740 -1
3 5.798324 25.620247 7.500000 0.044140 0.170060 -1
3 -5.798327 18.981833 7.500000 0.021182 0.236233 -1
3 -6.559199 26.020294 5.625000 0.020509 0.036815 -1
3 -7.320071 17.834032 3.749999 0.019836 0.268754 -1
3 -7.320071 27.066771 3.749999 0.044182 0.110474 -1
3 7.069974 26.749052 3.750000 0.044182 0.073545 -1
3 -26.116196 1.516300 6.500000 0.051409 0.683957 -1
3 0.000000 -25.572418 6.250000 0.051428 0.949840 -1
3 -6.606335 15.669185 6.562500 0.041859 0.168768 -1
3 -5.798327 15.593551 7.500000 0.042706 0.169966 -1
3 -5.798327 16.649418 7.499999 0.042706 0.153241 -1
3 -6.606335 16.738962 6.562499 0.041859 0.151823 -1
3 -6.857527 15.871597 5.625000 0.041012 0.165562 -1
3 -7.320071 17.834032 3.749999 0.039453 0.134477 -1
3 -7.320071 16.698627 3.750000 0.039453 0.152462 -1
3 5.798329 6.222060 7.499999 0.028854 0.682071 -1
3 6.642046 5.990985 5.624999 0.029264 0.683965 -1
3 5.798329 -1.230006 7.500000 0.028854 0.981548 -1
3 7.320071 5.443650 3.750000 0.029592 0.704641 -1
3 5.151780 19.920538 7.499999 0.043857 0.270465 -1
3 5.798328 16.649418 7.499999 0.028594 0.338788 -1
3 5.798329 8.341942 7.500000 0.028594 0.644581 -1
3 7.320071 8.341942 3.750000 0.030116 0.642710 -1
3 7.320071 16.041098 3.750000 0.030224 0.360268 -1
3 7.069974 26.749052 3.750000 0.029851 0.011749 -1
3 5.798324 18.981781 7.500000 0.028531 0.304349 -1
3 5.798329 15.593551 7.500000 0.043907 0.425049 -1
3 5.798329 6.222060 7.499999 0.044358 0.640049 -1
3 -19.429562 12.025830 -0.000001 0.045378 0.342379 -1
3 -8.242702 -0.373437 5.375000 0.048396 0.144237 -1
3 -7.723281 0.003359 4.562500 0.047934 0.084529 -1
3 -7.320071 0.475752 3.750000 0.047472 0.024821 -1
3 -5.798327 -2.737970 7.500000 0.050014 0.043066 -1
3 -5.798327 -5.556363 7.500000 0.050014 0.086139 -1
3 7.320073 0.475752 3.750000 0.033622 0.957663 -1
3 8.679513 2.148911 1.875000 0.034986 0.959201 -1
3 7.320071 5.443650 3.750000 0.033622 0.773317 -1
3 7.320071 16.041098 3.750000 0.033622 0.439358 -1
3 7.320071 8.341942 3.750000 0.033622 0.606338 -1
3 7.069974 26.749052 3.750000 0.033622 0.034601 -1
3 0.000000 -6.480210 7.500000 0.041057 0.953991 -1
3 26.116196 1.516300 6.500000 0.057152 0.567402 -1
3 29.249123 1.516300 3.250000 0.058250 0.581349 -1
3 19.155474 8.139375 7.500000 0.055692 0.414321 -1
3 19.053097 6.692636 7.500000 0.055692 0.467112 -1
3 -26.116196 1.516300 6.500000 0.051767 0.613714 -1
3 -24.051659 1.516300 7.500000 0.051767 0.613411 -1
3 0.000000 -23.000000 7.500000 0.055032 0.973112 -1
3 0.000000 -25.572418 6.250000 0.055992 0.990812 -1
3 -19.155474 8.139375 7.500000 0.051563 0.063495 -1
3 -19.053478 6.692636 7.500000 0.051563 0.098868 -1
3 -18.290558 7.690644 7.500000 0.051563 0.079959 -1
3 -5.798327 -5.556363 7.500000 0.051563 0.326926 -1
3 5.798332 -5.556363 7.500000 0.056048 0.098823 -1
3 5.798332 -7.110926 7.500000 0.055375 0.080356 -1
3 7.320071 -4.041777 7.500000 0.056035 0.126581 -1
3 19.155474 8.139375 7.500000 0.055989 0.346122 -1
3 0.000000 -12.229805 7.500000 0.055579 0.180641 -1
3 5.798332 -7.110926 7.500000 0.055579 0.041053 -1
3 5.798332 -5.556363 7.500000 0.055579 0.017973 -1
3 -5.798327 -5.556363 7.500000 0.051452 0.023435 -1
3 -5.798332 -7.110926 7.500000 0.051452 0.041910 -1
3 0.000000 -12.229805 7.500000 0.051452 0.153645 -1
3 -7.320071 0.475752 3.750000 0.050229 0.162301 -1
3 -7.723281 0.003359 4.562500 0.050557 0.169789 -1
3 -8.242702 -0.373437 5.375000 0.050924 0.174554 -1
3 -11.189251 -0.256255 7.500000 0.052485 0.154096 -1
3 -7.320071 -4.041777 7.500000 0.051282 0.257450 -1
3 -7.288699 -1.202227 7.250000 0.050014 0.129730 -1
3 0.000000 -27.815351 3.250000 0.060527 0.971335 -1
3 5.798327 -2.737970 7.500000 0.057609 0.147284 -1
3 0.000000 -10.713498 7.500000 0.057609 0.337665 -1
3 7.320071 -4.041777 7.500000 0.051241 0.251118 -1
3 11.189251 -0.256255 7.500000 0.052492 0.192382 -1
3 10.044998 -0.611588 6.843750 0.052122 0.194805 -1
3 7.723281 0.003359 4.562500 0.051372 0.188354 -1
3 7.320073 0.475752 3.750000 0.051241 0.181024 -1
3 -8.900746 -0.568600 6.187500 0.053864 0.290543 -1
3 -8.242702 -0.373437 5.375000 0.054027 0.286909 -1
3 -10.044998 -0.611588 6.843750 0.053579 0.287635 -1
3 -19.155474 8.139375 7.500000 0.053468 0.119885 -1
3 -5.151780 3.895232 7.500000 0.022914 0.768057 -1
3 5.151782 3.895232 7.500000 0.043814 0.726613 -1
3 4.588207 -1.941907 7.500000 0.026935 0.897447 -1
3 4.588207 9.902566 7.499999 0.026949 0.628058 -1
3 5.151782 14.698556 7.500000 0.043991 0.476436 -1
3 4.588205 24.051661 7.499998 0.043280 0.237057 -1
3 -4.588205 24.051661 7.499998 0.023592 0.137186 -1
3 5.151780 19.920538 7.499999 0.026119 0.265578 -1
3 5.798328 16.649418 7.499999 0.044078 0.363948 -1
3 -7.320071 17.834032 3.749999 0.019273 0.300653 -1
3 -7.320071 27.066771 3.749999 0.019273 0.035113 -1
3 -8.679513 28.443705 1.875000 0.017817 0.042328 -1
3 -7.320071 0.475752 3.750000 0.019273 0.951881 -1
3 -7.320071 6.222060 3.750000 0.019273 0.749231 -1
3 -29.249123 1.516300 3.250000 0.049329 0.592284 -1
3 -26.116196 1.516300 6.500000 0.050476 0.590190 -1
3 7.320073 0.475752 3.750000 0.061941 0.050846 -1
3 -30.639725 1.516300 -0.000000 0.045389 0.643585 -1
3 26.116196 1.516300 6.500000 0.056913 0.654588 -1
3 0.000000 -25.572418 6.250000 0.057004 0.972455 -1
3 0.000000 -25.572418 6.250000 0.050552 0.980292 -1
3 -26.116196 1.516300 6.500000 0.050574 0.657010 -1
3 9.516092 29.256649 -0.000002 0.036728 0.044358 -1
3 -9.516092 29.256649 0.000000 0.015872 0.049544 -1
3 5.151782 9.122256 7.499999 0.044416 0.487255 -1
3 -5.798327 8.341948 7.500000 0.037593 0.572602 -1
3 -5.151780 9.122256 7.499999 0.022659 0.589103 -1
3 -5.151780 -1.379258 7.500000 0.038306 0.869287 -1
3 -7.108718 6.967924 4.687499 0.040031 0.394702 -1
3 -7.320071 7.529215 3.750000 0.039283 0.386119 -1
3 -7.320071 6.222060 3.750000 0.039283 0.406108 -1
3 -7.108718 5.686911 4.687500 0.040031 0.414291 -1
3 -6.606335 5.143532 6.562500 0.041810 0.422600 -1
3 -5.798327 5.019477 7.500000 0.042700 0.424497 -1
3 -5.798327 6.222060 7.499999 0.042700 0.406108 -1
3 5.798324 18.981781 7.500000 0.025685 0.299700 -1
3 5.151780 24.835955 7.499999 0.044035 0.212282 -1
3 -5.151780 24.835955 7.499999 0.022610 0.111445 -1
3 5.151780 19.920538 7.499999 0.044665 0.238727 -1
3 -4.588205 9.902566 7.499999 0.023681 0.629360 -1
3 -5.798327 8.341948 7.500000 0.037650 0.535754 -1
3 5.151782 9.122256 7.499999 0.024453 0.614183 -1
3 5.798329 15.593551 7.500000 0.044298 0.444841 -1
3 -5.798327 5.019477 7.500000 0.022250 0.743279 -1
3 5.798329 5.019477 7.500000 0.044211 0.693382 -1
3 5.151782 -1.379258 7.500000 0.024638 0.951406 -1
3 19.293301 10.096108 3.250000 0.061163 0.350817 -1
3 19.429562 12.025830 -0.000001 0.062179 0.364955 -1
3 9.516092 2.614311 -0.000000 0.062118 0.206176 -1
3 7.320073 0.475752 3.750000 0.061748 0.168545 -1
3 7.723281 0.003359 4.562500 0.061315 0.168478 -1
3 -5.798327 6.222060 7.499999 0.020664 0.622805 -1
3 -5.798327 8.341948 7.500000 0.020664 0.563005 -1
3 -6.606335 6.372258 6.562499 0.020518 0.618568 -1
3 -5.798327 15.593551 7.500000 0.020664 0.358444 -1
3 -6.606335 15.669185 6.562500 0.020518 0.356310 -1
3 -6.857527 6.635819 5.624999 0.020371 0.611133 -1
3 -7.108718 6.967924 4.687499 0.020225 0.601765 -1
3 -7.320071 16.698627 3.750000 0.020102 0.327271 -1
3 -5.798327 -1.230006 7.500000 0.020769 0.888881 -1
3 -5.798327 5.019477 7.500000 0.020769 0.707242 -1
3 -6.606335 5.143532 6.562500 0.020623 0.702753 -1
3 -7.320071 6.222060 3.750000 0.020207 0.663724 -1
3 -7.320071 27.066771 3.749999 0.038668 0.158722 -1
3 -6.939635 26.361715 4.687499 0.038668 0.158722 -1
3 -5.798327 -2.737970 7.500000 0.050354 0.101003 -1
3 7.320071 -1.202227 7.250000 0.057749 0.042221 -1
3 8.679513 28.443705 1.874998 0.044293 0.040021 -1
3 -19.429562 12.025830 -0.000001 0.045604 0.397578 -1
3 19.155474 8.139375 7.500000 0.057949 0.100251 -1
3 19.293301 10.096108 3.250000 0.057264 0.080126 -1
3 18.290558 7.690644 7.500000 0.058024 0.189238 -1
3 8.900746 -0.568600 6.187500 0.057513 0.305143 -1
3 29.249123 1.516300 3.250000 0.059535 0.597773 -1
3 0.000000 -12.229805 7.500000 0.053713 0.590521 -1
3 0.000000 -13.309277 7.499999 0.053713 0.614859 -1
3 0.000000 -23.000000 7.500000 0.053713 0.742420 -1
3 7.320071 16.041098 3.750000 0.038405 0.373832 -1
3 7.320070 18.981781 3.749999 0.038405 0.328204 -1
3 6.973540 16.434521 4.687499 0.038237 0.367727 -1
3 7.320071 5.443650 3.750000 0.038294 0.616266 -1
3 7.320071 8.341942 3.750000 0.038294 0.574104 -1
3 6.951718 5.821345 4.687499 0.038115 0.610406 -1
3 -1.254869 -11.706944 7.500000 0.053713 0.583760 -1
3 -7.320071 27.066771 3.749999 0.037452 0.137740 -1
3 -5.798327 25.620247 7.500000 0.037924 0.170060 -1
3 7.069974 26.749052 3.750000 0.044490 0.144839 -1
3 -5.798327 25.620247 7.500000 0.021182 0.048149 -1
3 -6.178763 25.744106 6.562500 0.020845 0.044640 -1
3 -6.606335 16.738962 6.562499 0.020467 0.299780 -1
3 -5.798327 16.649418 7.499999 0.021182 0.302317 -1
3 -7.108718 17.311834 4.687499 0.020023 0.283549 -1
3 -6.857527 16.955288 5.624999 0.020245 0.293651 -1
3 -7.320071 27.066771 3.749999 0.019836 0.007165 -1
3 -6.939635 26.361715 4.687499 0.020173 0.027141 -1
96
-0.000000 -0.000000 1.000000
0.283300 0.007300 0.959000
0.002400 0.271100 0.962600
0.137400 0.729300 0.670200
0.559500 0.733300 0.386300
0.181700 0.180800 0.966600
-0.000000 0.200100 0.979800
-0.002400 0.270300 0.962800
-0.283100 0.007400 0.959100
-0.000000 -0.324200 0.946000
-0.380800 0.466700 0.798200
0.109500 0.851400 0.513000
0.558700 0.563200 0.608800
-0.000000 0.883200 0.469100
-0.461200 -0.568400 0.681300
-0.000000 -0.294800 0.955600
-0.308100 -0.049800 0.950000
-0.965900 -0.000000 0.258800
0.505000 0.559600 0.657200
0.935400 -0.017100 0.353300
0.542700 -0.005900 0.839900
0.543000 0.006800 0.839700
-0.531800 0.030400 0.846300
0.937700 -0.041800 0.344800
0.931000 -0.063400 0.359600
0.920700 -0.013700 0.390100
0.819300 0.164600 0.549200
0.449800 0.456900 0.767400
0.876900 0.005200 0.480600
0.564300 0.775200 0.284000
0.005800 0.884300 0.467000
0.235400 0.159000 0.958800
-0.010700 0.887100 0.461500
-0.048100 0.614900 0.787100
0.386500 0.497400 0.776700
0.306700 -0.054800 0.950200
0.655200 0.021600 0.755100
-0.010000 0.630300 0.776300
-0.398500 0.458600 0.794300
0.461200 -0.568400 0.681300
-0.007400 0.038600 0.999200
0.285600 0.326200 0.901100
-0.416400 0.479800 0.772200
-0.285500 0.326000 0.901200
0.158200 0.925600 0.343800
0.449100 0.525200 0.722800
-0.074800 0.546400 0.834200
-0.038700 0.021200 0.999000
0.856600 0.035000 0.514800
-0.159000 0.925100 0.344800
-0.232100 0.855700 0.462600
0.073800 0.545400 0.834900
0.416900 0.480500 0.771600
-0.401600 -0.000000 0.915800
-0.809600 -0.000000 0.587000
0.038200 0.020900 0.999100
-0.856600 0.035400 0.514800
-0.000000 -0.914500 0.404500
-0.061000 0.176000 0.982500
0.438500 0.562400 0.701000
-0.913200 -0.000000 0.407500
-0.447000 0.454100 0.770700
-0.966300 -0.004300 0.257400
-0.966500 -0.007000 0.256700
-0.926600 -0.000000 0.376000
0.124100 0.833200 0.538800
0.007400 0.038300 0.999200
-0.449200 0.525300 0.722700
0.363700 0.762400 -0.535300
0.563900 0.549900 0.616100
0.693900 -0.000000 0.720000
0.923200 0.008700 0.384100
0.700400 -0.000000 0.713800
0.931600 -0.060400 0.358400
-0.931700 0.071800 0.356100
-0.307000 0.758200 0.575200
-0.653700 0.023900 0.756400
-0.000000 -0.675500 0.737300
-0.757500 -0.000000 0.652900
-0.975500 -0.000000 0.219900
0.876900 -0.000000 0.480700
0.876100 0.003300 0.482100
0.877400 -0.004700 0.479800
0.240600 0.846200 0.475400
0.047500 0.867600 0.495000
-0.045800 0.867900 0.494600
-0.967100 -0.075600 0.242800
-0.922000 0.229900 0.311700
-0.921800 0.203900 0.329900
-0.921200 0.216400 0.323500
-0.923400 -0.034700 0.382200
-0.934800 -0.067200 0.348800
-0.966400 -0.007200 0.257100
-0.885500 0.132900 0.445200
-0.928300 0.192500 0.318200
-0.929300 0.195800 0.313300
292
0 0 1 2 0 0 1 1
0 1 3 2 0 2 1 1
0 4 5 1 0 3 0 1
0 6 7 8 0 0 4 1
0 9 10 11 0 5 0 1
0 12 13 10 0 6 5 1
0 14 8 13 0 4 6 1
0 14 6 8 0 0 4 1
0 7 15 8 0 7 4 1
0 16 17 18 0 0 8 1
0 19 20 21 9 0 0 1
0 22 2 23 0 1 0 1
0 24 0 2 0 0 1 1
0 25 1 5 10 0 3 1
0 10 5 11 5 3 0 1
0 26 27 10 0 0 5 1
0 28 14 13 0 0 6 1
0 29 30 18 0 0 8 1
0 21 2 19 0 1 9 1
0 20 19 31 0 9 0 1
0 30 19 18 0 9 8 1
0 18 7 16 8 0 0 1
0 7 18 15 0 8 7 1
0 4 11 5 0 0 3 1
0 32 33 34 11 12 13 1
0 35 36 37 14 15 16 1
0 38 39 40 17 17 17 1
0 41 42 43 18 19 20 1
0 44 45 46 21 0 22 1
0 47 48 49 23 24 25 1
0 50 51 52 26 27 28 1
0 53 54 55 0 0 0 1
0 56 57 58 20 0 0 1
0 59 60 61 29 4 30 1
0 62 63 64 0 0 0 1
0 65 66 67 12 26 28 1
0 68 69 70 31 0 0 1
0 71 72 73 32 33 34 1
0 74 75 76 35 36 34 1
0 77 78 79 0 37 38 1
0 80 81 82 39 36 35 1
0 83 84 85 0 40 41 1
0 86 87 88 0 42 43 1
0 89 90 91 0 0 0 1
0 92 93 94 0 0 0 1
0 95 96 97 44 45 46 1
0 98 99 100 47 40 0 1
0 101 102 103 48 9 1 1
0 104 105 106 0 0 0 1
0 107 108 109 49 50 51 1
0 110 111 112 52 41 30 1
0 113 114 115 0 0 0 1
0 116 117 118 0 0 0 1
0 119 120 121 0 0 0 1
0 122 123 124 0 0 0 1
0 125 126 127 0 0 0 1
0 128 129 130 0 0 0 1
0 131 132 133 0 0 0 1
0 134 135 136 0 0 0 1
0 137 138 139 53 21 22 1
0 140 141 142 54 54 54 1
0 143 144 145 38 37 30 1
0 146 147 148 51 31 55 1
0 149 150 151 56 9 57 1
0 152 153 154 0 0 55 1
0 155 156 157 39 57 48 1
0 158 159 160 14 56 57 1
0 161 152 154 31 0 55 1
0 162 163 164 58 47 0 1
0 163 165 164 47 0 0 1
0 166 167 168 3 12 59 1
0 169 170 171 60 60 60 1
0 172 173 174 0 0 0 1
0 175 176 177 0 0 0 1
0 178 179 180 0 0 0 1
0 181 182 183 0 58 0 1
0 184 185 186 17 17 17 1
0 187 188 189 0 27 0 1
0 190 191 192 0 27 61 1
0 193 194 195 0 61 22 1
0 196 197 198 0 0 0 1
0 199 200 201 0 0 0 1
0 202 203 204 0 0 0 1
0 205 206 207 0 0 0 1
0 208 209 210 0 0 0 1
0 211 212 213 0 58 0 1
0 214 215 216 0 0 0 1
0 217 218 219 0 31 20 1
0 220 221 222 59 50 10 1
0 223 224 225 62 62 62 1
0 226 227 228 63 63 63 1
0 229 230 231 61 64 64 1
0 232 233 234 46 58 65 1
0 235 236 237 66 55 0 1
0 238 239 240 13 5 6 1
0 241 242 243 30 8 56 1
0 244 245 246 67 43 50 1
0 247 248 249 32 1 2 1
0 250 251 252 0 0 0 1
0 253 254 255 0 35 0 1
0 256 254 257 0 35 0 1
0 258 256 259 16 0 0 1
0 258 260 261 16 0 0 1
0 262 263 264 11 68 69 1
0 265 266 267 21 70 24 1
0 268 269 270 71 72 73 1
0 260 271 272 0 0 0 1
0 273 274 275 68 11 27 1
0 276 277 278 22 64 74 1
0 25 3 1 10 2 0 1
0 34 279 32 13 75 11 1
0 32 280 33 11 69 12 1
0 37 281 35 16 76 14 1
0 35 282 36 14 77 15 1
0 283 284 285 78 78 78 1
0 283 285 286 78 78 78 1
0 40 287 38 17 17 17 1
0 287 283 286 17 17 17 1
0 288 289 39 79 79 79 1
0 289 40 39 79 79 79 1
0 287 286 38 17 17 17 1
0 290 43 291 72 20 73 1
0 43 292 41 20 31 18 1
0 291 43 42 73 20 19 1
0 41 293 42 18 80 19 1
0 44 294 45 21 0 0 1
0 48 295 49 24 70 25 1
0 49 296 297 25 71 81 1
0 297 298 49 81 82 25 1
0 298 47 49 82 23 25 1
0 299 51 50 69 27 26 1
0 51 300 52 27 21 28 1
0 53 301 54 0 0 0 1
0 56 302 57 20 72 0 1
0 303 61 60 7 30 4 1
0 61 304 59 30 83 29 1
0 304 305 59 83 84 29 1
0 305 306 59 84 65 29 1
0 307 308 64 47 0 0 1
0 308 62 64 0 0 0 1
0 309 310 311 18 59 80 1
0 310 65 312 59 12 82 1
0 311 310 313 80 59 81 1
0 65 314 66 12 69 26 1
0 67 312 65 28 82 12 1
0 312 313 310 82 81 59 1
0 70 315 183 0 0 0 1
0 183 68 70 0 31 0 1
0 73 316 71 34 36 32 1
0 316 317 71 36 48 32 1
0 318 319 76 33 0 34 1
0 319 74 76 0 35 34 1
0 320 321 79 76 16 38 1
0 321 77 79 16 0 38 1
0 82 322 80 35 15 39 1
0 322 323 80 15 77 39 1
0 324 325 326 37 0 52 1
0 325 83 85 0 0 41 1
0 83 327 84 0 0 40 1
0 85 326 325 41 52 0 1
0 328 329 330 0 0 66 1
0 329 86 88 0 0 43 1
0 86 331 87 0 33 42 1
0 88 330 329 43 66 0 1
0 90 332 91 0 0 0 1
0 91 333 89 0 0 0 1
0 333 334 89 0 0 0 1
0 335 336 94 0 0 0 1
0 336 92 94 0 0 0 1
0 92 337 93 0 0 0 1
0 97 338 339 46 65 84 1
0 97 339 340 46 84 83 1
0 341 342 96 41 40 45 1
0 342 97 96 40 46 45 1
0 97 340 95 46 83 44 1
0 98 343 99 47 46 40 1
0 101 344 102 48 57 9 1
0 106 345 104 0 55 0 1
0 104 346 105 0 0 0 1
0 347 348 349 66 43 67 1
0 347 349 109 66 67 51 1
0 349 107 109 67 49 51 1
0 350 351 109 85 18 51 1
0 108 350 109 50 85 51 1
0 352 353 354 44 83 45 1
0 353 112 111 83 30 41 1
0 354 353 111 45 83 41 1
0 112 355 110 30 37 52 1
0 113 356 114 0 0 0 1
0 116 357 117 0 0 0 1
0 119 358 120 0 0 0 1
0 122 359 123 0 0 0 1
0 125 360 126 0 0 0 1
0 128 361 129 0 0 0 1
0 131 362 132 0 0 0 1
0 134 363 135 0 0 0 1
0 137 364 138 53 70 21 1
0 365 366 367 54 54 54 1
0 367 140 142 54 54 54 1
0 140 368 369 54 54 54 1
0 140 369 141 54 54 54 1
0 142 365 367 54 54 54 1
0 145 370 371 30 56 76 1
0 371 143 145 76 38 30 1
0 146 372 147 51 18 31 1
0 149 373 150 56 8 9 1
0 157 374 155 48 36 39 1
0 155 375 156 39 77 57 1
0 160 376 158 57 77 14 1
0 158 377 159 14 76 56 1
0 166 378 167 3 5 12 1
0 169 379 170 60 60 60 1
0 172 380 173 0 0 0 1
0 175 381 176 0 0 0 1
0 178 382 179 0 0 0 1
0 183 315 181 0 0 0 1
0 181 383 182 0 0 58 1
0 384 385 386 79 79 79 1
0 386 387 384 79 79 79 1
0 387 186 185 17 17 17 1
0 186 388 184 17 17 17 1
0 388 389 390 78 78 78 1
0 184 388 390 78 78 78 1
0 185 384 387 17 17 17 1
0 187 391 188 0 21 27 1
0 190 392 191 0 0 27 1
0 193 393 194 0 0 61 1
0 196 394 197 0 0 0 1
0 199 395 200 0 0 0 1
0 202 396 203 0 0 0 1
0 205 397 206 0 0 0 1
0 208 398 209 0 0 0 1
0 211 399 212 0 0 58 1
0 214 400 215 0 20 0 1
0 217 401 218 0 0 31 1
0 402 403 222 32 2 10 1
0 222 404 220 10 3 59 1
0 220 405 406 59 18 85 1
0 406 221 220 85 50 59 1
0 221 402 222 50 32 10 1
0 407 408 409 78 78 78 1
0 408 410 411 78 78 78 1
0 408 411 223 86 86 86 1
0 412 409 408 87 87 87 1
0 225 413 408 88 88 88 1
0 413 412 408 89 89 89 1
0 224 414 225 79 79 79 1
0 408 223 225 90 90 90 1
0 415 416 417 78 78 78 1
0 415 417 227 91 91 91 1
0 417 228 227 92 92 92 1
0 418 227 226 79 79 79 1
0 229 419 230 61 75 64 1
0 419 420 230 75 64 64 1
0 232 421 233 46 47 58 1
0 235 422 236 66 51 55 1
0 238 423 239 13 12 5 1
0 241 424 242 30 7 8 1
0 425 426 427 33 32 42 1
0 426 246 245 32 50 43 1
0 427 426 245 42 32 43 1
0 246 428 244 50 49 67 1
0 247 429 248 32 48 1 1
0 253 255 250 0 0 0 1
0 251 430 252 0 0 0 1
0 430 431 252 0 0 0 1
0 253 250 252 0 0 0 1
0 253 257 254 0 0 35 1
0 256 432 254 0 15 35 1
0 258 432 256 16 15 0 1
0 258 259 260 16 0 0 1
0 433 434 435 82 28 23 1
0 434 265 267 28 21 24 1
0 435 434 267 23 28 24 1
0 436 437 438 80 81 19 1
0 437 268 270 81 71 73 1
0 438 437 270 19 81 73 1
0 431 430 271 0 0 0 1
0 430 439 271 0 0 0 1
0 272 261 260 0 0 0 1
0 439 272 271 0 0 0 1
0 440 441 274 75 61 11 1
0 441 275 274 61 27 11 1
0 275 442 273 27 69 68 1
0 276 443 444 22 61 64 1
0 276 444 277 22 64 64 1
0 445 446 276 93 53 22 1
0 447 448 276 94 95 22 1
0 448 445 276 95 93 22 1
0 449 278 450 75 74 64 1
0 278 447 276 74 94 22 1
0 450 278 277 64 74 64 1

Materials: 2
"19 - Default"
0.588235 0.588235 0.588235 1.000000
0.588235 0.588235 0.588235 1.000000
0.898039 0.898039 0.898039 1.000000
0.000000 0.000000 0.000000 1.000000
12.799999
1.000000
"textures\Tap Note 4th ani texture.ini"
""
"shells"
0.588235 0.588235 0.588235 1.000000
0.588235 0.588235 0.588235 1.000000
0.898039 0.898039 0.898039 1.000000
0.000000 0.000000 0.000000 1.000000
12.799999
1.000000
"textures\Tap Shell 4th ani texture.ini"
""

Bones: 0
GroupComments: 0
MaterialComments: 0
BoneComments: 0
ModelComment: 0
