// MilkShape 3D ASCII

Frames: 30
Frame: 1

Meshes: 2
"center" 0 1
33
0 -5.216932 -2.160509 -0.445417 0.007923 0.092870 -1
0 -4.670304 -3.173712 -0.445416 0.007923 0.092870 -1
0 0.000000 -0.000000 -0.445417 0.007923 0.092870 -1
0 -2.160509 -5.216932 -0.445416 0.007923 0.092870 -1
0 -1.057709 -5.546660 -0.445416 0.007923 0.092870 -1
0 2.160509 -5.216932 -0.445416 0.007923 0.092870 -1
0 3.173712 -4.670304 -0.445416 0.007923 0.092870 -1
0 5.216932 -2.160509 -0.445417 0.007923 0.092870 -1
0 5.546660 -1.057709 -0.445417 0.007923 0.092870 -1
0 5.216932 2.160509 -0.445417 0.007923 0.092870 -1
0 4.670304 3.173712 -0.445417 0.007923 0.092870 -1
0 2.160509 5.216932 -0.445417 0.007923 0.092870 -1
0 1.057709 5.546660 -0.445417 0.007923 0.092870 -1
0 -2.160509 5.216932 -0.445417 0.007923 0.092870 -1
0 -3.173712 4.670304 -0.445417 0.007923 0.092870 -1
0 -5.216932 2.160509 -0.445417 0.007923 0.092870 -1
0 -5.546660 1.057709 -0.445417 0.007923 0.092870 -1
0 -3.992755 -3.992755 -0.445416 0.007923 0.092870 -1
0 -5.646608 -0.000000 -0.445417 0.007923 0.092870 -1
0 -5.546660 -1.057709 -0.445417 0.007923 0.092870 -1
0 -0.000000 -5.646608 -0.445416 0.007923 0.092870 -1
0 -3.173712 -4.670304 -0.445416 0.007923 0.092870 -1
0 3.992755 -3.992755 -0.445416 0.007923 0.092870 -1
0 1.057709 -5.546660 -0.445416 0.007923 0.092870 -1
0 5.646608 -0.000000 -0.445417 0.007923 0.092870 -1
0 4.670304 -3.173712 -0.445416 0.007923 0.092870 -1
0 3.992755 3.992755 -0.445417 0.007923 0.092870 -1
0 5.546660 1.057709 -0.445417 0.007923 0.092870 -1
0 -0.000000 5.646608 -0.445417 0.007923 0.092870 -1
0 3.173712 4.670304 -0.445417 0.007923 0.092870 -1
0 -3.992755 3.992755 -0.445417 0.007923 0.092870 -1
0 -1.057709 5.546660 -0.445417 0.007923 0.092870 -1
0 -4.670304 3.173712 -0.445417 0.007923 0.092870 -1
1
-0.000000 -0.000000 1.000000
32
0 0 1 2 0 0 0 1
0 3 4 2 0 0 0 1
0 5 6 2 0 0 0 1
0 7 8 2 0 0 0 1
0 9 10 2 0 0 0 1
0 11 12 2 0 0 0 1
0 13 14 2 0 0 0 1
0 15 16 2 0 0 0 1
0 17 2 1 0 0 0 1
0 2 18 19 0 0 0 1
0 0 2 19 0 0 0 1
0 20 2 4 0 0 0 1
0 2 17 21 0 0 0 1
0 3 2 21 0 0 0 1
0 22 2 6 0 0 0 1
0 2 20 23 0 0 0 1
0 5 2 23 0 0 0 1
0 24 2 8 0 0 0 1
0 2 22 25 0 0 0 1
0 7 2 25 0 0 0 1
0 26 2 10 0 0 0 1
0 2 24 27 0 0 0 1
0 9 2 27 0 0 0 1
0 28 2 12 0 0 0 1
0 2 26 29 0 0 0 1
0 11 2 29 0 0 0 1
0 30 2 14 0 0 0 1
0 2 28 31 0 0 0 1
0 13 2 31 0 0 0 1
0 18 2 16 0 0 0 1
0 2 30 32 0 0 0 1
0 15 2 32 0 0 0 1
"outer" 0 0
72
0 2.366235 -4.027199 -0.362290 0.501762 0.003185 -1
0 1.226303 -4.506518 -0.362290 0.501762 0.003185 -1
0 1.523194 -5.611908 0.362291 0.501762 0.003185 -1
0 4.115261 -4.110176 0.362291 0.501762 0.003185 -1
0 4.032284 -2.361150 -0.362290 0.501762 0.003185 -1
0 3.305933 -3.300848 -0.362290 0.501762 0.003185 -1
0 4.511603 -1.221218 -0.362291 0.501762 0.003185 -1
0 5.022671 -2.934901 0.362291 0.501762 0.003185 -1
0 5.616994 -1.518109 0.362291 0.501762 0.003185 -1
0 2.939987 -5.017586 0.362291 0.501762 0.003185 -1
0 -4.115260 4.120343 0.362290 0.501762 0.003185 -1
0 -4.032285 2.371317 -0.362291 0.501762 0.003185 -1
0 -3.305933 3.311016 -0.362291 0.501762 0.003185 -1
0 5.022670 2.945069 0.362290 0.501762 0.003185 -1
0 4.115260 4.120344 0.362290 0.501762 0.003185 -1
0 3.305933 3.311017 -0.362291 0.501762 0.003185 -1
0 2.366234 4.037368 -0.362291 0.501762 0.003185 -1
0 -5.616993 -1.518110 0.362291 0.501762 0.003185 -1
0 -5.022669 -2.934902 0.362291 0.501762 0.003185 -1
0 -4.032284 -2.361151 -0.362290 0.501762 0.003185 -1
0 -3.305931 -3.300849 -0.362290 0.501762 0.003185 -1
0 -4.115259 -4.110177 0.362291 0.501762 0.003185 -1
0 -2.366233 -4.027200 -0.362290 0.501762 0.003185 -1
0 0.000000 4.680378 -0.362291 0.501762 0.003185 -1
0 1.226302 4.516687 -0.362291 0.501762 0.003185 -1
0 1.523193 5.622077 0.362290 0.501762 0.003185 -1
0 -6.162039 -1.663266 -1.869636 0.501762 0.003185 -1
0 -5.819856 0.005083 0.362291 0.501762 0.003185 -1
0 -5.511851 -3.215725 -1.869636 0.501762 0.003185 -1
0 -5.022670 2.945068 0.362290 0.501762 0.003185 -1
0 -6.162039 1.673432 -1.869637 0.501762 0.003185 -1
0 -5.616993 1.528276 0.362291 0.501762 0.003185 -1
0 -6.383895 0.005083 -1.869636 0.501762 0.003185 -1
0 -4.511602 1.231385 -0.362291 0.501762 0.003185 -1
0 -4.675294 0.005084 -0.362291 0.501762 0.003185 -1
0 0.000001 -6.378812 -1.869635 0.501762 0.003185 -1
0 0.000001 -5.814772 0.362291 0.501762 0.003185 -1
0 -1.523192 -5.611909 0.362291 0.501762 0.003185 -1
0 3.220809 -5.506768 -1.869635 0.501762 0.003185 -1
0 -4.514096 4.519179 -1.869637 0.501762 0.003185 -1
0 -5.511852 3.225890 -1.869637 0.501762 0.003185 -1
0 4.675294 0.005084 -0.362291 0.501762 0.003185 -1
0 6.162040 1.673432 -1.869637 0.501762 0.003185 -1
0 5.616993 1.528277 0.362291 0.501762 0.003185 -1
0 5.819856 0.005084 0.362291 0.501762 0.003185 -1
0 5.511853 3.225892 -1.869637 0.501762 0.003185 -1
0 1.668349 6.167124 -1.869637 0.501762 0.003185 -1
0 2.939985 5.027754 0.362290 0.501762 0.003185 -1
0 -0.000000 6.388979 -1.869637 0.501762 0.003185 -1
0 0.000000 5.824939 0.362290 0.501762 0.003185 -1
0 -3.220808 5.516936 -1.869637 0.501762 0.003185 -1
0 -2.939985 5.027754 0.362290 0.501762 0.003185 -1
0 -1.523193 5.622077 0.362290 0.501762 0.003185 -1
0 0.000000 -4.670210 -0.362290 0.501762 0.003185 -1
0 6.162040 -1.663265 -1.869636 0.501762 0.003185 -1
0 -2.366234 4.037368 -0.362291 0.501762 0.003185 -1
0 -1.226302 4.516687 -0.362291 0.501762 0.003185 -1
0 4.032284 2.371318 -0.362291 0.501762 0.003185 -1
0 4.511603 1.231386 -0.362291 0.501762 0.003185 -1
0 -4.511602 -1.221219 -0.362291 0.501762 0.003185 -1
0 -2.939984 -5.017587 0.362291 0.501762 0.003185 -1
0 -1.226301 -4.506518 -0.362290 0.501762 0.003185 -1
0 -4.514094 -4.509013 -1.869636 0.501762 0.003185 -1
0 -3.220807 -5.506769 -1.869635 0.501762 0.003185 -1
0 -1.668348 -6.156956 -1.869635 0.501762 0.003185 -1
0 1.668350 -6.156955 -1.869635 0.501762 0.003185 -1
0 4.514096 -4.509011 -1.869636 0.501762 0.003185 -1
0 5.511853 -3.215724 -1.869636 0.501762 0.003185 -1
0 6.383896 0.005084 -1.869636 0.501762 0.003185 -1
0 4.514095 4.519180 -1.869637 0.501762 0.003185 -1
0 3.220808 5.516937 -1.869637 0.501762 0.003185 -1
0 -1.668349 6.167124 -1.869637 0.501762 0.003185 -1
98
-0.269500 0.462100 0.844900
-0.140400 0.516200 0.844900
-0.140000 0.516200 0.845000
-0.378200 0.378300 0.844900
-0.425900 0.329000 0.842900
-0.496500 0.208300 0.842700
-0.269100 0.462200 0.845000
0.378200 -0.378300 0.844900
0.425900 -0.329000 0.842900
-0.425900 -0.328800 0.842900
-0.329000 -0.425700 0.842900
0.496100 0.208100 0.842900
0.425900 0.329200 0.842800
0.329000 0.425700 0.842900
-0.000000 -0.534900 0.844900
-0.140200 -0.516100 0.845000
-0.139900 -0.516300 0.844900
-0.961500 -0.128100 0.243100
-0.894500 -0.375200 0.243300
0.426000 -0.328900 0.842800
-0.894500 0.375200 0.242900
-0.961500 0.128100 0.243000
0.496500 -0.208300 0.842700
0.533500 -0.071100 0.842800
-0.128100 -0.961500 0.243000
0.495900 -0.208500 0.843000
0.375200 -0.894500 0.243300
-0.768000 0.592500 0.243100
-0.533400 0.071200 0.842900
-0.495900 0.208500 0.843000
0.961500 0.128100 0.243100
0.894500 0.375200 0.243300
0.375200 0.894500 0.242900
-0.533500 0.071100 0.842800
-0.000000 0.534900 0.844900
0.128100 0.961500 0.243000
-0.375200 0.894500 0.243300
0.269100 -0.462200 0.845000
-0.426000 0.328900 0.842800
0.935800 -0.253400 0.245100
0.935700 -0.253800 0.245000
0.894600 -0.375000 0.243000
0.269500 -0.462100 0.844900
0.140400 -0.516200 0.844900
0.140000 -0.516200 0.845000
-0.425900 -0.329200 0.842800
-0.496300 -0.208700 0.842700
-0.328900 -0.426000 0.842800
-0.496100 -0.208100 0.842900
-0.533400 -0.071000 0.842900
-0.533500 -0.071200 0.842800
0.496300 0.208700 0.842700
0.533500 0.071200 0.842800
0.533400 0.071000 0.842900
0.425900 0.328800 0.842900
0.328900 0.426000 0.842800
0.139900 0.516300 0.844900
0.140200 0.516100 0.845000
0.208500 0.495900 0.843000
0.208400 0.496200 0.842800
-0.208500 -0.495900 0.843000
-0.208400 -0.496200 0.842800
-0.961600 -0.127900 0.243000
-0.592500 -0.768000 0.243100
-0.894800 -0.374700 0.242900
-0.592800 -0.767800 0.242900
-0.767800 -0.592800 0.243100
-0.768000 -0.592500 0.242900
-0.894700 0.374700 0.243200
-0.375200 -0.894500 0.242900
-0.961500 0.127900 0.243100
-0.374700 -0.894700 0.243200
0.128100 -0.961500 0.243100
-0.127900 -0.961500 0.243100
0.127900 -0.961600 0.243000
0.768000 -0.592500 0.243100
0.374700 -0.894800 0.242900
0.592500 -0.768000 0.242900
0.767800 -0.592800 0.242900
0.592800 -0.767800 0.243100
0.961500 -0.127900 0.243100
0.961500 -0.128100 0.243000
0.894700 -0.374700 0.243200
0.961600 0.127900 0.243000
0.592500 0.768000 0.243100
0.894800 0.374700 0.242900
0.592800 0.767800 0.242900
0.767800 0.592800 0.243100
0.768000 0.592500 0.242900
0.374700 0.894700 0.243200
-0.128100 0.961500 0.243100
0.127900 0.961500 0.243100
-0.127900 0.961600 0.243000
-0.374700 0.894800 0.242900
-0.592500 0.768000 0.242900
-0.767800 0.592800 0.242900
-0.592800 0.767800 0.243100
0.533400 -0.071200 0.842900
96
0 0 1 2 0 1 2 1
0 3 4 5 3 4 3 1
0 6 7 8 5 5 5 1
0 9 3 5 6 3 3 1
0 10 11 12 7 8 7 1
0 13 14 15 9 9 9 1
0 15 14 16 10 10 10 1
0 17 18 19 11 11 11 1
0 20 19 18 12 12 12 1
0 21 22 20 13 13 13 1
0 23 24 25 14 15 16 1
0 26 17 27 17 17 17 1
0 28 18 17 18 18 18 1
0 10 29 11 7 19 8 1
0 30 31 29 20 20 20 1
0 32 27 31 21 21 21 1
0 29 31 33 22 22 22 1
0 27 34 31 23 23 23 1
0 35 36 37 24 24 24 1
0 33 11 29 25 25 25 1
0 38 9 2 26 26 26 1
0 10 39 40 27 27 27 1
0 8 41 6 28 28 28 1
0 6 4 7 29 29 29 1
0 42 43 44 30 30 30 1
0 45 13 43 31 31 31 1
0 46 25 47 32 32 32 1
0 8 44 41 33 33 33 1
0 36 2 1 34 2 1 1
0 0 9 5 0 6 3 1
0 48 49 25 35 35 35 1
0 50 51 52 36 36 36 1
0 9 0 2 6 0 2 1
0 51 10 12 37 7 7 1
0 53 36 1 34 34 1 1
0 3 7 4 3 38 4 1
0 54 8 7 39 40 41 1
0 55 51 12 42 37 7 1
0 55 56 52 42 43 44 1
0 56 23 49 43 14 14 1
0 49 52 56 14 44 43 1
0 51 55 52 37 42 44 1
0 57 13 15 45 45 45 1
0 57 58 43 46 46 46 1
0 14 47 16 47 47 47 1
0 13 57 43 48 48 48 1
0 44 43 58 49 49 49 1
0 41 44 58 50 50 50 1
0 59 17 19 51 51 51 1
0 59 34 27 52 52 52 1
0 27 17 59 53 53 53 1
0 21 20 18 54 54 54 1
0 21 60 22 55 55 55 1
0 37 36 53 56 34 34 1
0 61 37 53 57 56 34 1
0 61 22 60 57 58 59 1
0 60 37 61 59 56 57 1
0 24 16 47 15 60 61 1
0 47 25 24 61 16 15 1
0 49 23 25 14 14 16 1
0 32 26 27 62 62 62 1
0 21 62 63 63 63 63 1
0 26 28 17 64 64 64 1
0 60 21 63 65 65 65 1
0 21 18 62 66 66 66 1
0 18 28 62 67 67 67 1
0 40 30 29 68 68 68 1
0 64 37 60 69 69 69 1
0 30 32 31 70 70 70 1
0 63 64 60 71 71 71 1
0 65 2 36 72 72 72 1
0 64 35 37 73 73 73 1
0 35 65 36 74 74 74 1
0 3 66 67 75 75 75 1
0 65 38 2 76 76 76 1
0 9 38 66 77 77 77 1
0 7 3 67 78 78 78 1
0 3 9 66 79 79 79 1
0 54 68 8 39 80 40 1
0 68 44 8 80 81 40 1
0 67 54 7 82 39 41 1
0 68 42 44 83 83 83 1
0 14 69 70 84 84 84 1
0 42 45 43 85 85 85 1
0 47 14 70 86 86 86 1
0 14 13 69 87 87 87 1
0 13 45 69 88 88 88 1
0 70 46 47 89 89 89 1
0 71 52 49 90 90 90 1
0 46 48 25 91 91 91 1
0 48 71 49 92 92 92 1
0 71 50 52 93 93 93 1
0 51 50 39 94 94 94 1
0 29 10 40 95 95 95 1
0 10 51 39 96 96 96 1
0 34 33 31 97 97 97 1

Materials: 2
"white outer"
0.000000 0.000000 0.000000 1.000000
1.000000 1.000000 1.000000 1.000000
1.000000 1.000000 1.000000 1.000000
0.000000 0.000000 0.000000 1.000000
0.000000
1.000000
"_mine tex.png"
""
"red middle"
1.000000 1.000000 1.000000 1.000000
1.000000 1.000000 1.000000 1.000000
0.898039 0.898039 0.898039 1.000000
0.000000 0.000000 0.000000 1.000000
12.799999
1.000000
"_mine ani tex.ini"
""

Bones: 1
"joint1"
""
0 0 0 0 0 0 0
2
1.000000 0.000000 0.000000 0.000000
120.000000 0.000000 0.000000 0.000000
3
1.000000 0.000000 0.000000 0.000000
60.000000 0.000000 0.000000 3.1
120.000000 0.000000 0.000000 6.2

GroupComments: 0
MaterialComments: 0
BoneComments: 0
ModelComment: 0
