// MilkShape 3D ASCII

Frames: 30
Frame: 1

Meshes: 2
"scroller" 0 0
12
0 0.000000 -23.000000 7.450002 0.551018 0.908796 -1
0 5.751484 -6.169774 7.450000 0.546875 0.643631 -1
0 0.000000 25.620199 7.449998 0.534100 0.327417 -1
0 24.051661 1.516300 7.450000 0.551018 0.356369 -1
0 19.053097 6.692636 7.449999 0.546875 0.356369 -1
0 -5.751484 -6.169774 7.450000 0.546875 0.643631 -1
0 -19.053478 6.692636 7.449999 0.546875 0.356369 -1
0 -24.051661 1.516300 7.450000 0.542731 0.356369 -1
0 0.000000 -23.000000 7.450002 0.542731 0.908796 -1
0 0.000000 25.620199 7.449998 0.559649 0.327417 -1
0 -5.751484 25.620247 7.449998 0.557578 0.261126 -1
0 5.751484 25.620199 7.449998 0.536171 0.261126 -1
12
0.000000 0.000000 1.000000
0.000000 0.000000 1.000000
0.000000 0.000000 1.000000
-0.000000 0.000000 1.000000
-0.000000 0.000000 1.000000
-0.000000 0.000000 1.000000
0.000000 0.000000 1.000000
0.000000 0.000000 1.000000
-0.000000 0.000000 1.000000
-0.000000 0.000000 1.000000
0.000000 0.000000 1.000000
0.000000 0.000000 1.000000
8
0 0 1 2 0 1 2 1
0 1 0 3 1 0 3 1
0 4 1 3 4 1 3 1
0 5 6 7 5 6 7 1
0 5 7 8 5 7 8 1
0 5 8 9 5 8 9 1
0 10 5 9 10 5 9 1
0 1 11 2 1 11 2 1
"shellboi" 0 1
216
0 20.264883 13.016655 0.000000 0.014186 0.377614 -1
0 19.429560 13.466315 0.000000 0.012599 0.275164 -1
0 30.639727 1.516300 -0.000000 0.015100 0.479399 -1
0 19.429560 12.025830 -0.000001 0.012599 0.319358 -1
0 18.457245 13.016655 -0.000000 0.011622 0.337664 -1
0 9.516092 2.614311 -0.000000 0.010158 0.475608 -1
0 -18.457245 13.016655 -0.000000 0.004298 0.337663 -1
0 -19.429560 13.466315 0.000000 0.003322 0.275163 -1
0 -9.516092 2.614311 -0.000000 0.005763 0.475608 -1
0 10.482342 30.216208 -0.000000 0.010646 0.026274 -1
0 9.516092 29.256649 -0.000002 0.010158 0.057524 -1
0 10.482342 5.675669 0.000000 0.010646 0.400164 -1
0 -10.482342 30.216208 -0.000000 0.005275 0.026274 -1
0 -9.516092 29.256649 0.000000 0.005763 0.057524 -1
0 -10.482342 5.675669 0.000000 0.005275 0.400163 -1
0 -9.516092 14.057568 -0.000000 0.005763 0.296035 -1
0 -19.429560 12.025830 -0.000001 0.003322 0.319358 -1
0 -20.264883 13.016655 0.000000 0.001726 0.377281 -1
0 -32.417458 1.516300 -0.000000 0.000928 0.428340 -1
0 -30.639725 1.516300 -0.000000 0.000821 0.479399 -1
0 0.000000 -28.825136 0.000000 0.007960 0.936315 -1
0 0.000000 -30.326008 0.000000 0.007960 0.980509 -1
0 1.839303 -29.237999 -0.000001 0.011802 0.733684 -1
0 32.417458 1.516300 0.000000 0.013820 0.605175 -1
0 1.839303 -29.237999 -0.000001 0.011867 0.730286 -1
0 32.417458 1.516300 0.000000 0.014979 0.428838 -1
0 10.482342 30.216208 -0.000000 0.009303 0.026274 -1
0 -10.482342 30.216208 -0.000000 0.007960 0.026274 -1
0 -10.482342 30.216208 -0.000000 0.005275 0.306691 -1
0 -10.482342 5.675669 0.000000 0.005537 0.215908 -1
0 -32.417458 1.516300 -0.000000 0.002088 0.604677 -1
0 -1.839305 -29.237999 -0.000001 0.004043 0.729800 -1
0 -1.839305 -29.237999 -0.000001 0.004045 0.729954 -1
0 30.639727 1.516300 -0.000000 0.046734 0.760636 -1
0 24.051661 1.516300 7.500000 0.031522 0.743490 -1
0 0.000000 -28.825136 0.000000 0.046706 0.992548 -1
0 30.639727 1.516300 -0.000000 0.046793 0.737086 -1
0 19.429560 12.025830 -0.000001 0.046811 0.610876 -1
0 24.051661 1.516300 7.500000 0.031431 0.713706 -1
0 19.429560 12.025830 -0.000001 0.046811 0.609151 -1
0 19.053097 6.692636 7.500000 0.031449 0.609423 -1
0 24.051661 1.516300 7.500000 0.031449 0.713054 -1
0 9.516092 29.256649 -0.000002 0.046793 0.020217 -1
0 5.751484 25.620247 7.499998 0.031449 0.020217 -1
0 5.751484 15.122312 7.499998 0.031441 0.077703 -1
0 5.751484 13.490954 7.499999 0.031460 0.152073 -1
0 8.178701 15.782969 2.664402 0.041253 0.192030 -1
0 9.516092 29.256649 -0.000002 0.015773 0.007641 -1
0 -9.516092 29.256649 0.000000 0.015773 0.007641 -1
0 5.751484 25.620247 7.499998 0.031398 0.008233 -1
0 -5.751484 25.620247 7.499998 0.031398 0.008233 -1
0 -19.429560 12.025830 -0.000001 0.015836 0.613354 -1
0 -30.639725 1.516300 -0.000000 0.015877 0.667645 -1
0 -19.053478 6.692636 7.499999 0.031268 0.612529 -1
0 -30.639725 1.516300 -0.000000 0.015844 0.668548 -1
0 -24.051661 1.516300 7.500000 0.031285 0.669025 -1
0 -19.053478 6.692636 7.499999 0.031268 0.610432 -1
0 -30.639725 1.516300 -0.000000 0.015844 0.672681 -1
0 0.000000 -28.825136 0.000000 0.015779 0.995115 -1
0 -24.051661 1.516300 7.500000 0.031285 0.671106 -1
0 0.000000 -28.825136 0.000000 0.015877 0.990023 -1
0 0.000000 -23.005936 7.500001 0.031396 0.988642 -1
0 -24.051661 1.516300 7.500000 0.031424 0.672605 -1
0 -19.429560 12.025830 -0.000001 0.015836 0.601265 -1
0 -19.053478 6.692636 7.499999 0.031285 0.599908 -1
0 -5.751484 -6.169774 7.500000 0.031376 0.500544 -1
0 24.051661 1.516300 7.500000 0.031449 0.720819 -1
0 0.000000 -23.005936 7.500001 0.030949 0.989023 -1
0 0.000000 -28.825136 0.000000 0.046793 0.992548 -1
0 -5.751484 -6.169774 7.500000 0.031331 0.491972 -1
0 -7.171442 -3.135542 5.140010 0.025357 0.504814 -1
0 -9.516092 2.614311 -0.000000 0.016326 0.526851 -1
0 -19.429560 12.025830 -0.000001 0.015849 0.600090 -1
0 -9.516092 29.256649 0.000000 0.015877 0.019672 -1
0 -8.178733 15.783269 2.664339 0.021348 0.181409 -1
0 -5.751484 13.490954 7.499999 0.031327 0.183126 -1
0 -5.751484 15.122312 7.499998 0.031284 0.076270 -1
0 -5.751484 25.620247 7.499998 0.031285 0.019672 -1
0 -5.751484 -6.169774 7.500000 0.031398 0.524627 -1
0 -5.751484 -4.498073 7.500000 0.030753 0.494135 -1
0 -7.171442 -3.135542 5.140010 0.025728 0.498459 -1
0 8.178701 15.782969 2.664402 0.041272 0.190901 -1
0 9.516092 17.045858 -0.000001 0.046793 0.218508 -1
0 9.516092 2.614311 -0.000000 0.046806 0.503905 -1
0 7.171442 -3.135542 5.140010 0.036963 0.507111 -1
0 5.751484 -6.169774 7.500000 0.031525 0.505242 -1
0 19.053097 6.692636 7.500000 0.031558 0.610661 -1
0 19.429560 12.025830 -0.000001 0.046768 0.609528 -1
0 -5.751484 13.490954 7.499999 0.026531 0.194193 -1
0 -5.751484 10.503046 7.499999 0.026741 0.226834 -1
0 0.000000 5.228622 7.499998 0.031383 0.226729 -1
0 0.000000 8.104950 7.499998 0.031383 0.194193 -1
0 5.751484 10.503046 7.499999 0.036898 0.225197 -1
0 5.751484 13.490954 7.499999 0.036898 0.194193 -1
0 0.000000 5.228622 7.499998 0.031383 0.226187 -1
0 0.000000 -11.502968 7.499995 0.064397 0.846787 -1
0 0.000000 -9.961351 7.499995 0.064397 0.805454 -1
0 -5.751484 -4.498073 7.500000 0.059578 0.658974 -1
0 -5.751484 -6.169774 7.500000 0.059578 0.703795 -1
0 5.751484 -6.169774 7.500000 0.069216 0.703795 -1
0 5.751484 -4.498073 7.500000 0.069216 0.658974 -1
0 0.000000 5.228622 7.499998 0.064397 0.398184 -1
0 -5.751484 10.503046 7.499999 0.059578 0.256767 -1
0 -5.751484 8.867237 7.499999 0.059578 0.283229 -1
0 0.000000 3.592603 7.499998 0.064397 0.424651 -1
0 5.751484 10.503046 7.499999 0.069216 0.256767 -1
0 5.751484 8.867237 7.499999 0.069216 0.283229 -1
0 0.000000 9.735785 7.499999 0.064397 0.270780 -1
0 -5.751484 15.122312 7.499998 0.059578 0.126358 -1
0 -5.751484 13.490954 7.499999 0.059578 0.152839 -1
0 0.000000 8.104950 7.499998 0.064397 0.297247 -1
0 5.751484 13.490954 7.499999 0.069216 0.152839 -1
0 5.751484 15.122312 7.499998 0.069216 0.126358 -1
0 0.000000 -6.043293 7.499996 0.064397 0.723421 -1
0 -5.751484 -0.500953 7.499999 0.059578 0.574821 -1
0 -5.751484 -2.091474 7.500000 0.059578 0.603797 -1
0 0.000000 -7.684837 7.499996 0.064397 0.753765 -1
0 5.751484 -2.091474 7.500000 0.069216 0.603797 -1
0 5.751484 -0.500953 7.499999 0.069216 0.574821 -1
0 -5.751484 -4.498073 7.500000 0.027812 0.476956 -1
0 0.000000 -9.961351 7.499995 0.031977 0.476956 -1
0 0.000000 -7.684837 7.499996 0.031977 0.441796 -1
0 -5.751484 -2.091474 7.500000 0.027868 0.441796 -1
0 5.751484 -4.498073 7.500000 0.036676 0.476956 -1
0 5.751484 -2.091474 7.500000 0.036520 0.441796 -1
0 -5.751484 13.490954 7.499999 0.031383 0.194193 -1
0 -8.178733 15.783269 2.664339 0.021320 0.193248 -1
0 -7.720824 12.362485 3.576602 0.023265 0.227130 -1
0 -5.751484 10.503046 7.499999 0.031383 0.226314 -1
0 -5.751484 10.503046 7.499999 0.031281 0.246062 -1
0 -7.720824 12.362485 3.576602 0.023221 0.239826 -1
0 -6.251252 -1.466763 6.504343 0.029232 0.412343 -1
0 -5.751484 -2.091474 7.500000 0.031279 0.359257 -1
0 -5.751484 -0.500953 7.499999 0.031279 0.330958 -1
0 -5.751484 8.867237 7.499999 0.031280 0.302659 -1
0 -10.482342 5.675669 0.000000 0.005460 0.270145 -1
0 -9.516092 17.934593 -0.000000 0.005763 0.235195 -1
0 -9.516092 14.057568 -0.000000 0.015899 0.235862 -1
0 -7.720824 12.362485 3.576602 0.023293 0.228091 -1
0 -8.178733 15.783269 2.664339 0.021379 0.193634 -1
0 -9.516092 17.046280 -0.000000 0.015823 0.196686 -1
0 -9.516092 17.046280 -0.000000 0.015877 0.219594 -1
0 -8.178733 15.783269 2.664339 0.021357 0.192223 -1
0 9.516092 17.045858 -0.000001 0.046723 0.191853 -1
0 8.178701 15.782969 2.664402 0.041287 0.192080 -1
0 7.720825 12.362489 3.576601 0.039447 0.227485 -1
0 9.516092 14.057569 -0.000001 0.046723 0.222812 -1
0 9.516092 14.057569 -0.000001 0.046682 0.263893 -1
0 7.720825 12.362489 3.576601 0.039517 0.229663 -1
0 6.251252 -1.466763 6.504342 0.033521 0.416059 -1
0 9.516092 2.614311 -0.000000 0.046710 0.441680 -1
0 8.178701 15.782969 2.664402 0.041228 0.191084 -1
0 5.751484 13.490954 7.499999 0.031383 0.194193 -1
0 5.751484 10.503046 7.499999 0.031383 0.226182 -1
0 7.720825 12.362489 3.576601 0.039708 0.225423 -1
0 7.720825 12.362489 3.576601 0.039412 0.232688 -1
0 5.751484 10.503046 7.499999 0.031416 0.250162 -1
0 5.751484 8.867237 7.499999 0.031408 0.307648 -1
0 5.751484 -0.500953 7.499999 0.031404 0.336391 -1
0 5.751484 -2.091474 7.500000 0.031400 0.365134 -1
0 6.251252 -1.466763 6.504342 0.033430 0.419054 -1
0 -5.751484 -2.091474 7.500000 0.025732 0.441796 -1
0 -6.251252 -1.466763 6.504343 0.029267 0.441796 -1
0 -5.751484 -4.498073 7.500000 0.026286 0.476956 -1
0 -9.516092 2.614311 -0.000000 0.016332 0.462126 -1
0 -6.251252 -1.466763 6.504343 0.029240 0.410335 -1
0 -7.720824 12.362485 3.576602 0.023271 0.239376 -1
0 -9.516092 14.057568 -0.000000 0.015877 0.288053 -1
0 6.251252 -1.466763 6.504342 0.036567 0.441796 -1
0 5.751484 -2.091474 7.500000 0.033098 0.441796 -1
0 5.751484 -4.498073 7.500000 0.036648 0.476956 -1
0 9.516092 2.614311 -0.000000 0.046793 0.475447 -1
0 6.251252 -1.466763 6.504342 0.033416 0.441796 -1
0 5.751484 -4.498073 7.500000 0.031538 0.476956 -1
0 7.171442 -3.135542 5.140010 0.037147 0.476956 -1
0 -7.171442 -3.135542 5.140010 0.025407 0.476956 -1
0 -5.751484 -4.498073 7.500000 0.030552 0.476956 -1
0 -6.251252 -1.466763 6.504343 0.027907 0.441796 -1
0 -9.516092 2.614311 -0.000000 0.016662 0.465164 -1
0 7.171442 -3.135542 5.140010 0.036587 0.498641 -1
0 5.751484 -4.498073 7.500000 0.032565 0.496446 -1
0 5.751484 -6.169774 7.500000 0.031711 0.521835 -1
0 22.182634 1.523573 7.500000 0.048813 0.508639 -1
0 0.000000 -21.093069 7.500001 0.048813 0.881389 -1
0 0.000000 -23.005936 7.500001 0.048813 0.912915 -1
0 24.051661 1.516300 7.500000 0.048813 0.508759 -1
0 19.014860 4.804008 7.500000 0.048813 0.454573 -1
0 19.053097 6.692636 7.500000 0.048813 0.423446 -1
0 -22.182667 1.523609 7.500000 0.048813 0.508638 -1
0 -19.015196 4.803982 7.500000 0.048813 0.454573 -1
0 -19.053478 6.692636 7.499999 0.048813 0.423446 -1
0 -24.051661 1.516300 7.500000 0.048813 0.508759 -1
0 0.000009 -13.355072 7.499996 0.048813 0.753857 -1
0 0.000000 -11.502968 7.499995 0.048813 0.723332 -1
0 -4.643286 -0.029856 7.499999 0.048813 0.534241 -1
0 -4.643286 6.347254 7.499999 0.048813 0.429138 -1
0 -5.751484 8.867237 7.499999 0.048813 0.387606 -1
0 -5.751484 -0.500953 7.499999 0.048813 0.542005 -1
0 4.643286 6.347254 7.499999 0.048813 0.429138 -1
0 4.643286 -0.029856 7.499999 0.048813 0.534241 -1
0 5.751484 -0.500953 7.499999 0.048813 0.542005 -1
0 5.751484 8.867237 7.499999 0.048813 0.387606 -1
0 0.000000 2.088939 7.499998 0.048813 0.499321 -1
0 0.000000 3.592603 7.499998 0.048813 0.474538 -1
0 0.000000 -4.504295 7.499996 0.048813 0.607985 -1
0 0.000000 -6.043293 7.499996 0.048813 0.633350 -1
0 -4.430664 24.299427 7.499998 0.048813 0.133264 -1
0 4.430664 24.299427 7.499998 0.048813 0.133264 -1
0 5.751484 25.620247 7.499998 0.048813 0.111496 -1
0 -5.751484 25.620247 7.499998 0.048813 0.111496 -1
0 -4.430663 15.694932 7.499998 0.048813 0.275077 -1
0 -5.751484 15.122312 7.499998 0.048813 0.284515 -1
0 4.430663 15.694932 7.499998 0.048813 0.275077 -1
0 5.751484 15.122312 7.499998 0.048813 0.284515 -1
0 0.000000 11.545415 7.499999 0.048813 0.343466 -1
0 0.000000 9.735785 7.499999 0.048813 0.373291 -1
29
-0.000000 -0.000000 1.000000
0.212200 0.002300 0.977200
0.004300 0.248700 0.968600
0.192300 0.458700 0.867500
-0.196700 0.454500 0.868800
0.175500 0.174300 0.968900
-0.175500 0.174300 0.968900
-0.525100 -0.000000 0.851100
-0.002200 0.252700 0.967500
-0.215400 0.000900 0.976500
-0.000000 -0.231500 0.972800
0.556000 0.007000 0.831200
-0.000400 0.596800 0.802400
0.423700 0.429900 0.797300
0.525100 -0.000000 0.851100
0.893700 -0.000000 0.448600
-0.423700 0.429900 0.797300
0.018800 0.594200 0.804100
-0.550500 -0.009000 0.834800
-0.000000 -0.581500 0.813500
-0.064400 0.149300 0.986700
-0.228900 0.575000 0.785500
-0.893700 -0.000000 0.448600
-0.497700 0.009600 0.867300
0.223900 0.580800 0.782600
0.064200 0.149400 0.986700
0.497700 0.009600 0.867300
-0.883100 0.026600 0.468500
0.883100 0.026600 0.468500
136
0 0 1 2 0 0 1 1
0 1 3 2 0 2 1 1
0 4 5 1 0 3 0 1
0 6 7 8 0 0 4 1
0 9 10 11 0 5 0 1
0 12 13 10 0 6 5 1
0 14 8 15 0 4 7 1
0 14 6 8 0 0 4 1
0 7 16 8 0 8 4 1
0 17 18 19 0 0 9 1
0 20 21 22 10 0 0 1
0 23 2 24 0 1 0 1
0 25 0 2 0 0 1 1
0 5 3 1 3 2 0 1
0 10 5 11 5 3 0 1
0 26 27 10 0 0 5 1
0 28 29 13 0 0 6 1
0 30 31 19 0 0 9 1
0 22 2 20 0 1 10 1
0 21 20 32 0 10 0 1
0 31 20 19 0 10 9 1
0 19 7 17 9 0 0 1
0 7 19 16 0 9 8 1
0 4 11 5 0 0 3 1
0 33 34 35 1 11 10 1
0 36 37 38 1 2 11 1
0 39 40 41 2 12 11 1
0 42 43 44 5 13 14 1
0 42 44 45 5 14 14 1
0 42 45 46 5 14 15 1
0 47 48 49 5 6 13 1
0 48 50 49 6 16 13 1
0 51 52 53 8 9 17 1
0 54 55 56 9 18 17 1
0 57 58 59 9 10 18 1
0 60 61 62 10 19 18 1
0 63 64 65 8 17 20 1
0 66 67 68 11 19 10 1
0 69 70 71 20 21 4 1
0 69 71 72 20 4 8 1
0 73 74 75 6 22 7 1
0 73 75 76 6 7 7 1
0 73 76 77 6 7 16 1
0 78 79 80 20 23 21 1
0 42 81 82 5 15 15 1
0 83 84 85 3 24 25 1
0 83 85 86 3 25 12 1
0 83 86 87 3 12 2 1
0 88 89 90 7 7 0 1
0 88 90 91 7 0 0 1
0 92 93 91 14 14 0 1
0 92 91 94 14 0 0 1
0 95 96 97 0 0 23 1
0 95 97 98 0 23 20 1
0 99 100 96 25 26 0 1
0 99 96 95 25 0 0 1
0 101 102 103 0 7 7 1
0 101 103 104 0 7 0 1
0 105 101 104 14 0 0 1
0 105 104 106 14 0 14 1
0 107 108 109 0 7 7 1
0 107 109 110 0 7 0 1
0 110 111 112 0 14 14 1
0 110 112 107 0 14 0 1
0 113 114 115 0 7 7 1
0 113 115 116 0 7 0 1
0 116 117 118 0 14 14 1
0 116 118 113 0 14 0 1
0 119 120 121 23 0 0 1
0 119 121 122 23 0 7 1
0 120 123 124 0 26 14 1
0 120 124 121 0 14 0 1
0 125 126 127 7 22 22 1
0 125 127 128 7 22 7 1
0 129 130 131 7 22 27 1
0 129 131 132 7 27 7 1
0 129 132 133 7 7 7 1
0 129 133 134 7 7 7 1
0 135 15 136 0 7 0 1
0 29 136 13 0 0 6 1
0 137 138 139 7 22 22 1
0 137 139 140 7 22 22 1
0 141 142 73 22 22 6 1
0 143 144 145 15 15 15 1
0 143 145 146 15 15 15 1
0 147 148 149 15 15 28 1
0 147 149 150 15 28 3 1
0 151 152 153 15 14 14 1
0 151 153 154 15 14 15 1
0 155 156 157 15 14 14 1
0 155 157 158 15 14 14 1
0 155 158 159 15 14 14 1
0 155 159 160 15 14 28 1
0 161 162 163 7 27 23 1
0 164 165 166 4 27 22 1
0 164 166 167 4 22 7 1
0 168 169 170 28 14 26 1
0 171 172 173 3 28 26 1
0 171 173 174 3 26 24 1
0 175 176 177 21 23 27 1
0 175 177 178 21 27 4 1
0 179 180 181 24 26 25 1
0 182 183 184 0 0 19 1
0 182 184 185 0 19 11 1
0 186 182 185 0 0 11 1
0 186 185 187 0 11 12 1
0 188 189 190 0 0 17 1
0 188 190 191 0 17 18 1
0 183 188 191 0 0 18 1
0 183 191 184 0 18 19 1
0 192 186 187 0 0 12 1
0 192 187 193 0 12 0 1
0 189 192 193 0 0 0 1
0 189 193 190 0 0 17 1
0 194 195 196 0 0 7 1
0 194 196 197 0 7 7 1
0 198 199 200 0 0 14 1
0 198 200 201 0 14 14 1
0 195 202 203 0 0 0 1
0 195 203 196 0 0 7 1
0 202 198 201 0 0 14 1
0 202 201 203 0 14 0 1
0 204 194 197 0 0 7 1
0 204 197 205 0 7 0 1
0 199 204 205 0 0 0 1
0 199 205 200 0 0 14 1
0 206 207 208 0 0 13 1
0 206 208 209 0 13 16 1
0 210 206 209 0 0 16 1
0 210 209 211 0 16 7 1
0 207 212 213 0 0 14 1
0 207 213 208 0 14 13 1
0 214 210 211 0 0 7 1
0 214 211 215 0 7 0 1
0 212 214 215 0 0 0 1
0 212 215 213 0 0 14 1

Materials: 2
"19 - Default"
0.588235 0.588235 0.588235 1.000000
0.588235 0.588235 0.588235 1.000000
0.898039 0.898039 0.898039 1.000000
0.000000 0.000000 0.000000 1.000000
12.799999
1.000000
"textures\Tap Note 4th ani texture.ini"
""
"shells"
0.588235 0.588235 0.588235 1.000000
0.588235 0.588235 0.588235 1.000000
0.898039 0.898039 0.898039 1.000000
0.000000 0.000000 0.000000 1.000000
12.799999
1.000000
"textures\Tap Shell 4th ani texture.ini"
""

Bones: 0
GroupComments: 0
MaterialComments: 0
BoneComments: 0
ModelComment: 0
