// MilkShape 3D ASCII

Frames: 30
Frame: 1

Meshes: 2
"scroller" 0 0
12
0 0.000000 -23.000000 7.450002 0.551018 0.908796 -1
0 5.751484 -6.169774 7.450000 0.546875 0.643631 -1
0 0.000000 25.620199 7.449998 0.534100 0.327417 -1
0 24.051661 1.516300 7.450000 0.551018 0.356369 -1
0 19.053097 6.692636 7.449999 0.546875 0.356369 -1
0 -5.751484 -6.169774 7.450000 0.546875 0.643631 -1
0 -19.053478 6.692636 7.449999 0.546875 0.356369 -1
0 -24.051661 1.516300 7.450000 0.542731 0.356369 -1
0 0.000000 -23.000000 7.450002 0.542731 0.908796 -1
0 0.000000 25.620199 7.449998 0.559649 0.327417 -1
0 -5.751484 25.620247 7.449998 0.557578 0.261126 -1
0 5.751484 25.620199 7.449998 0.536171 0.261126 -1
12
0.000000 0.000000 1.000000
0.000000 0.000000 1.000000
0.000000 0.000000 1.000000
-0.000000 0.000000 1.000000
-0.000000 0.000000 1.000000
-0.000000 0.000000 1.000000
0.000000 0.000000 1.000000
0.000000 0.000000 1.000000
-0.000000 0.000000 1.000000
-0.000000 0.000000 1.000000
0.000000 0.000000 1.000000
0.000000 0.000000 1.000000
8
0 0 1 2 0 1 2 1
0 1 0 3 1 0 3 1
0 4 1 3 4 1 3 1
0 5 6 7 5 6 7 1
0 5 7 8 5 7 8 1
0 5 8 9 5 8 9 1
0 10 5 9 10 5 9 1
0 1 11 2 1 11 2 1
"shellboi" 0 1
223
0 20.264883 13.016655 0.000000 0.014186 0.377614 -1
0 19.429560 13.466315 0.000000 0.012599 0.275164 -1
0 30.639727 1.516300 -0.000000 0.015100 0.479399 -1
0 19.429560 12.025830 -0.000001 0.012599 0.319358 -1
0 18.457245 13.016655 -0.000000 0.011622 0.337664 -1
0 9.516092 2.614311 -0.000000 0.010158 0.475608 -1
0 -18.457245 13.016655 -0.000000 0.004298 0.337663 -1
0 -19.429560 13.466315 0.000000 0.003322 0.275163 -1
0 -9.516092 2.614311 -0.000000 0.005763 0.475608 -1
0 10.482342 30.216208 -0.000000 0.010646 0.026274 -1
0 9.516092 29.256649 -0.000002 0.010158 0.057524 -1
0 10.482342 5.675669 0.000000 0.010646 0.400164 -1
0 -10.482342 30.216208 -0.000000 0.005275 0.026274 -1
0 -9.516092 29.256649 0.000000 0.005763 0.057524 -1
0 -10.482342 5.675669 0.000000 0.005275 0.400163 -1
0 -9.516092 14.057568 -0.000000 0.005763 0.296035 -1
0 -19.429560 12.025830 -0.000001 0.003322 0.319358 -1
0 -20.264883 13.016655 0.000000 0.001726 0.377281 -1
0 -32.417458 1.516300 -0.000000 0.000928 0.428340 -1
0 -30.639725 1.516300 -0.000000 0.000821 0.479399 -1
0 0.000000 -28.825136 0.000000 0.007960 0.936315 -1
0 0.000000 -30.326008 0.000000 0.007960 0.980509 -1
0 1.839303 -29.237999 -0.000001 0.011802 0.733684 -1
0 32.417458 1.516300 0.000000 0.013820 0.605175 -1
0 1.839303 -29.237999 -0.000001 0.011867 0.730286 -1
0 32.417458 1.516300 0.000000 0.014979 0.428838 -1
0 10.482342 30.216208 -0.000000 0.009303 0.026274 -1
0 -10.482342 30.216208 -0.000000 0.007960 0.026274 -1
0 -10.482342 30.216208 -0.000000 0.005275 0.306691 -1
0 -10.482342 5.675669 0.000000 0.005537 0.215908 -1
0 -32.417458 1.516300 -0.000000 0.002088 0.604677 -1
0 -1.839305 -29.237999 -0.000001 0.004043 0.729800 -1
0 -1.839305 -29.237999 -0.000001 0.004045 0.729954 -1
0 30.639727 1.516300 -0.000000 0.046734 0.760636 -1
0 24.051661 1.516300 7.500000 0.032060 0.743490 -1
0 0.000000 -28.825136 0.000000 0.046706 0.992548 -1
0 30.639727 1.516300 -0.000000 0.046793 0.737086 -1
0 19.429560 12.025830 -0.000001 0.046811 0.610876 -1
0 24.051661 1.516300 7.500000 0.032060 0.713706 -1
0 19.429560 12.025830 -0.000001 0.046789 0.610562 -1
0 19.053097 6.692636 7.500000 0.032143 0.610543 -1
0 24.051661 1.516300 7.500000 0.031991 0.713054 -1
0 9.516092 29.256649 -0.000002 0.046793 0.020217 -1
0 5.751484 25.620247 7.499998 0.031449 0.020217 -1
0 5.751484 15.122312 7.499998 0.031441 0.077703 -1
0 5.751484 13.490954 7.499999 0.031460 0.152073 -1
0 8.178701 15.782969 2.664402 0.041253 0.192030 -1
0 9.516092 29.256649 -0.000002 0.015773 0.007641 -1
0 -9.516092 29.256649 0.000000 0.015773 0.007641 -1
0 5.751484 25.620247 7.499998 0.031398 0.008233 -1
0 -5.751484 25.620247 7.499998 0.031398 0.008233 -1
0 0.000000 25.620247 7.499998 0.031398 0.008233 -1
0 -19.429560 12.025830 -0.000001 0.015836 0.613354 -1
0 -30.639725 1.516300 -0.000000 0.015877 0.667645 -1
0 -19.053478 6.692636 7.499999 0.030525 0.612529 -1
0 -30.639725 1.516300 -0.000000 0.015844 0.668548 -1
0 -24.051661 1.516300 7.500000 0.030525 0.669025 -1
0 -19.053478 6.692636 7.499999 0.030525 0.610432 -1
0 -30.639725 1.516300 -0.000000 0.015844 0.672681 -1
0 0.000000 -28.825136 0.000000 0.015779 0.995115 -1
0 -24.051661 1.516300 7.500000 0.030525 0.671106 -1
0 0.000000 -28.825136 0.000000 0.015877 0.990023 -1
0 0.000000 -23.005936 7.500001 0.030470 0.988825 -1
0 -24.051661 1.516300 7.500000 0.030470 0.671923 -1
0 -19.429560 12.025830 -0.000001 0.015836 0.601265 -1
0 -19.053478 6.692636 7.499999 0.030591 0.599908 -1
0 -5.751484 -6.000000 7.500000 0.031376 0.500544 -1
0 24.051661 1.516300 7.500000 0.031977 0.742607 -1
0 0.000000 -23.005936 7.500001 0.031977 0.984763 -1
0 0.000000 -28.825136 0.000000 0.046793 0.992548 -1
0 -5.751484 -6.000000 7.500000 0.031367 0.499989 -1
0 -7.000000 -3.500000 5.440000 0.026575 0.495535 -1
0 -9.516092 2.614311 -0.000000 0.016662 0.464605 -1
0 -19.429560 12.025830 -0.000001 0.015850 0.601035 -1
0 -9.516092 29.256649 0.000000 0.015877 0.019672 -1
0 -8.178733 15.783269 2.664339 0.021348 0.181409 -1
0 -5.751484 13.490954 7.499999 0.031327 0.183126 -1
0 -5.751484 15.122312 7.499998 0.031284 0.076270 -1
0 -5.751484 25.620247 7.499998 0.031285 0.019672 -1
0 -5.751484 -6.000000 7.500000 0.030704 0.524627 -1
0 -5.751484 -4.498073 7.500000 0.030753 0.494135 -1
0 8.178701 15.782969 2.664402 0.041272 0.190901 -1
0 9.516092 17.045858 -0.000001 0.046793 0.218508 -1
0 9.516092 2.614311 -0.000000 0.046699 0.505260 -1
0 7.000000 -3.500000 5.440000 0.035921 0.498293 -1
0 5.751484 -6.000000 7.500000 0.032218 0.495615 -1
0 19.429560 12.025830 -0.000001 0.046739 0.609739 -1
0 -5.751484 13.490954 7.499999 0.026531 0.194193 -1
0 -5.751484 10.503046 7.499999 0.026741 0.226834 -1
0 0.000000 5.228622 7.499998 0.031383 0.226729 -1
0 0.000000 8.104950 7.499998 0.031383 0.194193 -1
0 5.751484 10.503046 7.499999 0.036898 0.225197 -1
0 5.751484 13.490954 7.499999 0.036898 0.194193 -1
0 0.000000 5.228622 7.499998 0.031383 0.226187 -1
0 0.000000 -11.502968 7.499995 0.064397 0.846787 -1
0 0.000000 -9.961351 7.499995 0.064397 0.805454 -1
0 -5.751484 -4.498073 7.500000 0.059578 0.658974 -1
0 -5.751484 -6.000000 7.500000 0.059578 0.703795 -1
0 5.751484 -6.000000 7.500000 0.069216 0.703795 -1
0 5.751484 -4.498073 7.500000 0.069216 0.658974 -1
0 0.000000 5.228622 7.499998 0.064397 0.398184 -1
0 -5.751484 10.503046 7.499999 0.059578 0.256767 -1
0 -5.751484 8.867237 7.499999 0.059578 0.283229 -1
0 0.000000 3.592603 7.499998 0.064397 0.424651 -1
0 5.751484 10.503046 7.499999 0.069216 0.256767 -1
0 5.751484 8.867237 7.499999 0.069216 0.283229 -1
0 0.000000 9.735785 7.499999 0.064397 0.270780 -1
0 -5.751484 15.122312 7.499998 0.059578 0.126358 -1
0 -5.751484 13.490954 7.499999 0.059578 0.152839 -1
0 0.000000 8.104950 7.499998 0.064397 0.297247 -1
0 5.751484 13.490954 7.499999 0.069216 0.152839 -1
0 5.751484 15.122312 7.499998 0.069216 0.126358 -1
0 0.000000 -6.043293 7.499996 0.064397 0.723421 -1
0 -5.751484 -0.500953 7.499999 0.059578 0.574821 -1
0 -5.751484 -2.091474 7.500000 0.059578 0.603797 -1
0 0.000000 -7.684837 7.499996 0.064397 0.753765 -1
0 5.751484 -2.091474 7.500000 0.069216 0.603797 -1
0 5.751484 -0.500953 7.499999 0.069216 0.574821 -1
0 -5.751484 -4.498073 7.500000 0.027812 0.476956 -1
0 0.000000 -9.961351 7.499995 0.031977 0.476956 -1
0 0.000000 -7.684837 7.499996 0.031977 0.444326 -1
0 -5.751484 -2.091474 7.500000 0.029284 0.441216 -1
0 5.751484 -4.498073 7.500000 0.036481 0.478733 -1
0 5.751484 -2.091474 7.500000 0.036520 0.444326 -1
0 -5.751484 13.490954 7.499999 0.031383 0.194193 -1
0 -8.178733 15.783269 2.664339 0.019571 0.193248 -1
0 -7.720824 12.362485 3.576602 0.021516 0.227130 -1
0 -5.751484 10.503046 7.499999 0.031383 0.226314 -1
0 -5.751484 10.503046 7.499999 0.031386 0.239345 -1
0 -7.720824 12.362485 3.576602 0.023221 0.239826 -1
0 -6.251252 -1.466763 6.504343 0.029232 0.431693 -1
0 -5.751484 -2.091474 7.500000 0.031279 0.359257 -1
0 -5.751484 -0.500953 7.499999 0.031279 0.330958 -1
0 -5.751484 8.867237 7.499999 0.031280 0.302659 -1
0 -10.482342 5.675669 0.000000 0.005460 0.270145 -1
0 -9.516092 17.934593 -0.000000 0.005763 0.235195 -1
0 -9.516092 14.057568 -0.000000 0.015899 0.235862 -1
0 -7.720824 12.362485 3.576602 0.023293 0.228091 -1
0 -8.178733 15.783269 2.664339 0.021379 0.193634 -1
0 -9.516092 17.046280 -0.000000 0.015823 0.196686 -1
0 -9.516092 17.046280 -0.000000 0.015877 0.219594 -1
0 -8.178733 15.783269 2.664339 0.021357 0.192223 -1
0 9.516092 17.045858 -0.000001 0.046723 0.191853 -1
0 8.178701 15.782969 2.664402 0.041287 0.192080 -1
0 7.720825 12.362489 3.576601 0.039447 0.227485 -1
0 9.516092 14.057569 -0.000001 0.046723 0.222812 -1
0 9.516092 14.057569 -0.000001 0.046717 0.232545 -1
0 7.720825 12.362489 3.576601 0.039517 0.229663 -1
0 6.251252 -1.466763 6.504342 0.033465 0.407865 -1
0 9.516092 2.614311 -0.000000 0.046710 0.441680 -1
0 8.178701 15.782969 2.664402 0.041228 0.191084 -1
0 5.751484 13.490954 7.499999 0.033389 0.194193 -1
0 5.751484 10.503046 7.499999 0.033389 0.226182 -1
0 7.720825 12.362489 3.576601 0.039708 0.225423 -1
0 7.720825 12.362489 3.576601 0.039412 0.232688 -1
0 5.751484 10.503046 7.499999 0.031416 0.237846 -1
0 5.751484 8.867237 7.499999 0.031408 0.307648 -1
0 5.751484 -0.500953 7.499999 0.031404 0.336391 -1
0 5.751484 -2.091474 7.500000 0.031400 0.365134 -1
0 6.251252 -1.466763 6.504342 0.033430 0.431693 -1
0 -5.751484 -2.091474 7.500000 0.025732 0.441796 -1
0 -6.251252 -1.466763 6.504343 0.029267 0.441796 -1
0 -5.751484 -4.498073 7.500000 0.027841 0.476956 -1
0 -9.516092 2.614311 -0.000000 0.016332 0.462126 -1
0 -6.251252 -1.466763 6.504343 0.029185 0.407865 -1
0 -7.720824 12.362485 3.576602 0.023271 0.239376 -1
0 -9.516092 14.057568 -0.000000 0.015947 0.243271 -1
0 6.251252 -1.466763 6.504342 0.031973 0.444141 -1
0 5.751484 -2.091474 7.500000 0.036512 0.444141 -1
0 5.751484 -4.498073 7.500000 0.034879 0.477990 -1
0 9.516092 2.614311 -0.000000 0.046321 0.471892 -1
0 6.251252 -1.466763 6.504342 0.034868 0.443887 -1
0 5.751484 -4.498073 7.500000 0.032732 0.475623 -1
0 7.000000 -3.500000 5.440000 0.037147 0.476956 -1
0 -7.000000 -3.500000 5.440000 0.025407 0.476956 -1
0 -5.751484 -4.498073 7.500000 0.030552 0.476956 -1
0 -6.251252 -1.466763 6.504343 0.027907 0.441796 -1
0 -9.516092 2.614311 -0.000000 0.016662 0.465164 -1
0 5.751484 -4.498073 7.500000 0.032565 0.496446 -1
0 5.751484 -6.000000 7.500000 0.032411 0.521835 -1
0 22.182634 1.523573 7.500000 0.052435 0.788255 -1
0 0.000000 -21.093069 7.500001 0.052435 0.983396 -1
0 0.000000 -23.005936 7.500001 0.047220 0.983396 -1
0 24.051661 1.516300 7.500000 0.047220 0.788255 -1
0 19.014860 4.804008 7.500000 0.052435 0.731509 -1
0 19.053097 6.692636 7.500000 0.047220 0.731509 -1
0 -22.182667 1.523609 7.500000 0.052435 0.788255 -1
0 -19.015196 4.803982 7.500000 0.052435 0.731509 -1
0 -19.053478 6.692636 7.499999 0.047220 0.731509 -1
0 -24.051661 1.516300 7.500000 0.047220 0.788255 -1
0 0.000009 -13.355072 7.499996 0.052435 0.502097 -1
0 0.000000 -11.502968 7.499995 0.047220 0.502097 -1
0 -4.643286 -0.029856 7.499999 0.052435 0.382120 -1
0 -4.643286 6.347254 7.499999 0.052435 0.311812 -1
0 -5.751484 8.867237 7.499999 0.047220 0.311812 -1
0 -5.751484 -0.500953 7.499999 0.047220 0.382120 -1
0 4.643286 6.347254 7.499999 0.052435 0.311812 -1
0 4.643286 -0.029856 7.499999 0.052435 0.382120 -1
0 5.751484 -0.500953 7.499999 0.047220 0.382120 -1
0 5.751484 8.867237 7.499999 0.047220 0.311812 -1
0 0.000000 2.088939 7.499998 0.052435 0.276915 -1
0 0.000000 3.592603 7.499998 0.047220 0.276915 -1
0 0.000000 -4.504295 7.499996 0.052435 0.436361 -1
0 0.000000 -6.043293 7.499996 0.047220 0.436361 -1
0 -4.430664 24.299427 7.499998 0.052435 0.041814 -1
0 0.000000 24.299427 7.499998 0.052435 0.074017 -1
0 0.000000 25.620247 7.499998 0.047220 0.074017 -1
0 -5.751484 25.620247 7.499998 0.047220 0.041814 -1
0 -4.430663 15.694932 7.499998 0.052435 0.176394 -1
0 -4.430664 24.299427 7.499998 0.052435 0.074017 -1
0 -5.751484 25.620247 7.499998 0.047220 0.074017 -1
0 -5.751484 15.122312 7.499998 0.047220 0.176394 -1
0 4.430664 24.299427 7.499998 0.052435 0.074017 -1
0 4.430663 15.694932 7.499998 0.052435 0.176394 -1
0 5.751484 15.122312 7.499998 0.047220 0.176394 -1
0 5.751484 25.620247 7.499998 0.047220 0.074017 -1
0 0.000000 11.545415 7.499999 0.052435 0.220929 -1
0 0.000000 9.735785 7.499999 0.047220 0.220929 -1
0 19.429560 12.025830 -0.000001 0.046751 0.610335 -1
0 5.751484 -6.000000 7.500000 0.032198 0.495446 -1
0 19.053097 6.692636 7.500000 0.032065 0.609212 -1
0 4.430664 24.299427 7.499998 0.052435 0.041814 -1
0 5.751484 25.620247 7.499998 0.047220 0.041814 -1
30
-0.000000 -0.000000 1.000000
0.212200 0.002300 0.977200
0.004100 0.249500 0.968400
0.191700 0.461100 0.866400
-0.191700 0.461100 0.866400
0.175500 0.174300 0.968900
-0.175500 0.174300 0.968900
-0.525100 -0.000000 0.851100
-0.002300 0.253400 0.967400
-0.215400 0.000900 0.976500
-0.000000 -0.231500 0.972800
0.556000 0.007000 0.831200
-0.000500 0.599300 0.800600
0.423700 0.429900 0.797300
0.525100 -0.000000 0.851100
0.893700 -0.000000 0.448600
-0.423700 0.429900 0.797300
-0.000000 0.530900 0.847400
0.015900 0.594500 0.804000
-0.550500 -0.009000 0.834800
-0.000000 -0.581500 0.813500
-0.069100 0.150400 0.986200
-0.219600 0.583800 0.781600
-0.893700 -0.000000 0.448600
-0.497700 0.009300 0.867300
0.219600 0.583800 0.781600
0.069100 0.150400 0.986200
0.497700 0.009300 0.867300
-0.884300 0.023700 0.466400
0.884300 0.023700 0.466400
139
0 0 1 2 0 0 1 1
0 1 3 2 0 2 1 1
0 4 5 1 0 3 0 1
0 6 7 8 0 0 4 1
0 9 10 11 0 5 0 1
0 12 13 10 0 6 5 1
0 14 8 15 0 4 7 1
0 14 6 8 0 0 4 1
0 7 16 8 0 8 4 1
0 17 18 19 0 0 9 1
0 20 21 22 10 0 0 1
0 23 2 24 0 1 0 1
0 25 0 2 0 0 1 1
0 5 3 1 3 2 0 1
0 10 5 11 5 3 0 1
0 26 27 10 0 0 5 1
0 28 29 13 0 0 6 1
0 30 31 19 0 0 9 1
0 22 2 20 0 1 10 1
0 21 20 32 0 10 0 1
0 31 20 19 0 10 9 1
0 19 7 17 9 0 0 1
0 7 19 16 0 9 8 1
0 4 11 5 0 0 3 1
0 33 34 35 1 11 10 1
0 36 37 38 1 2 11 1
0 39 40 41 2 12 11 1
0 42 43 44 5 13 14 1
0 42 44 45 5 14 14 1
0 42 45 46 5 14 15 1
0 47 48 49 5 6 13 1
0 48 50 51 6 16 17 1
0 48 51 49 6 17 13 1
0 52 53 54 8 9 18 1
0 55 56 57 9 19 18 1
0 58 59 60 9 10 19 1
0 61 62 63 10 20 19 1
0 64 65 66 8 18 21 1
0 67 68 69 11 20 10 1
0 70 71 72 21 22 4 1
0 70 72 73 21 4 8 1
0 74 75 76 6 23 7 1
0 74 76 77 6 7 7 1
0 74 77 78 6 7 16 1
0 79 80 71 21 24 22 1
0 42 81 82 5 15 15 1
0 83 84 85 3 25 26 1
0 83 85 86 3 26 2 1
0 87 88 89 7 7 0 1
0 87 89 90 7 0 0 1
0 91 92 90 14 14 0 1
0 91 90 93 14 0 0 1
0 94 95 96 0 0 24 1
0 94 96 97 0 24 21 1
0 98 99 95 26 27 0 1
0 98 95 94 26 0 0 1
0 100 101 102 0 7 7 1
0 100 102 103 0 7 0 1
0 104 100 103 14 0 0 1
0 104 103 105 14 0 14 1
0 106 107 108 0 7 7 1
0 106 108 109 0 7 0 1
0 109 110 111 0 14 14 1
0 109 111 106 0 14 0 1
0 112 113 114 0 7 7 1
0 112 114 115 0 7 0 1
0 115 116 117 0 14 14 1
0 115 117 112 0 14 0 1
0 118 119 120 24 0 0 1
0 118 120 121 24 0 7 1
0 119 122 123 0 27 14 1
0 119 123 120 0 14 0 1
0 124 125 126 7 23 23 1
0 124 126 127 7 23 7 1
0 128 129 130 7 23 28 1
0 128 130 131 7 28 7 1
0 128 131 132 7 7 7 1
0 128 132 133 7 7 7 1
0 134 15 135 0 7 0 1
0 29 135 13 0 0 6 1
0 136 137 138 7 23 23 1
0 136 138 139 7 23 23 1
0 140 141 74 23 23 6 1
0 142 143 144 15 15 15 1
0 142 144 145 15 15 15 1
0 146 147 148 15 15 29 1
0 146 148 149 15 29 3 1
0 150 151 152 15 14 14 1
0 150 152 153 15 14 15 1
0 154 155 156 15 14 14 1
0 154 156 157 15 14 14 1
0 154 157 158 15 14 14 1
0 154 158 159 15 14 29 1
0 160 161 162 7 28 24 1
0 163 164 165 4 28 23 1
0 163 165 166 4 23 7 1
0 167 168 169 29 14 27 1
0 170 171 172 3 29 27 1
0 170 172 173 3 27 25 1
0 174 175 176 22 24 28 1
0 174 176 177 22 28 4 1
0 84 178 179 25 27 26 1
0 180 181 182 0 0 20 1
0 180 182 183 0 20 11 1
0 184 180 183 0 0 11 1
0 184 183 185 0 11 12 1
0 186 187 188 0 0 18 1
0 186 188 189 0 18 19 1
0 181 186 189 0 0 19 1
0 181 189 182 0 19 20 1
0 190 184 185 0 0 12 1
0 190 185 191 0 12 0 1
0 187 190 191 0 0 0 1
0 187 191 188 0 0 18 1
0 192 193 194 0 0 7 1
0 192 194 195 0 7 7 1
0 196 197 198 0 0 14 1
0 196 198 199 0 14 14 1
0 193 200 201 0 0 0 1
0 193 201 194 0 0 7 1
0 200 196 199 0 0 14 1
0 200 199 201 0 14 0 1
0 202 192 195 0 0 7 1
0 202 195 203 0 7 0 1
0 197 202 203 0 0 0 1
0 197 203 198 0 0 14 1
0 204 205 206 0 0 17 1
0 204 206 207 0 17 16 1
0 208 209 210 0 0 16 1
0 208 210 211 0 16 7 1
0 212 213 214 0 0 14 1
0 212 214 215 0 14 13 1
0 216 208 211 0 0 7 1
0 216 211 217 0 7 0 1
0 213 216 217 0 0 0 1
0 213 217 214 0 0 14 1
0 218 219 220 2 26 12 1
0 206 205 221 17 0 0 1
0 206 221 222 17 0 13 1

Materials: 2
"19 - Default"
0.588235 0.588235 0.588235 1.000000
0.588235 0.588235 0.588235 1.000000
0.898039 0.898039 0.898039 1.000000
0.000000 0.000000 0.000000 1.000000
12.799999
1.000000
"textures\Tap Note 4th ani texture.ini"
""
"shells"
0.588235 0.588235 0.588235 1.000000
0.588235 0.588235 0.588235 1.000000
0.898039 0.898039 0.898039 1.000000
0.000000 0.000000 0.000000 1.000000
12.799999
1.000000
"textures\Tap Shell 4th ani texture.ini"
""

Bones: 0
GroupComments: 0
MaterialComments: 0
BoneComments: 0
ModelComment: 0
