// MilkShape 3D ASCII

Frames: 30
Frame: 1

Meshes: 2
"scroller" 0 0
12
0 0.000000 -23.000000 7.450002 0.551018 0.908796 -1
0 5.751484 -6.169774 7.450000 0.546875 0.643631 -1
0 0.000000 25.620199 7.449998 0.534100 0.327417 -1
0 24.051661 1.516300 7.450000 0.551018 0.356369 -1
0 19.053097 6.692636 7.449999 0.546875 0.356369 -1
0 -5.751484 -6.169774 7.450000 0.546875 0.643631 -1
0 -19.053478 6.692636 7.449999 0.546875 0.356369 -1
0 -24.051661 1.516300 7.450000 0.542731 0.356369 -1
0 0.000000 -23.000000 7.450002 0.542731 0.908796 -1
0 0.000000 25.620199 7.449998 0.559649 0.327417 -1
0 -5.751484 25.620247 7.449998 0.557578 0.261126 -1
0 5.751484 25.620199 7.449998 0.536171 0.261126 -1
12
0.000000 0.000000 1.000000
0.000000 0.000000 1.000000
0.000000 0.000000 1.000000
-0.000000 0.000000 1.000000
-0.000000 0.000000 1.000000
-0.000000 0.000000 1.000000
0.000000 0.000000 1.000000
0.000000 0.000000 1.000000
-0.000000 0.000000 1.000000
-0.000000 0.000000 1.000000
0.000000 0.000000 1.000000
0.000000 0.000000 1.000000
8
0 0 1 2 0 1 2 1
0 1 0 3 1 0 3 1
0 4 1 3 4 1 3 1
0 5 6 7 5 6 7 1
0 5 7 8 5 7 8 1
0 5 8 9 5 8 9 1
0 10 5 9 10 5 9 1
0 1 11 2 1 11 2 1
"shellboi" 0 1
221
0 20.264883 13.016656 0.000000 0.014186 0.377614 -1
0 19.429562 13.466315 0.000000 0.012599 0.275164 -1
0 30.639725 1.516300 -0.000000 0.015100 0.479399 -1
0 19.429562 12.025830 -0.000001 0.012599 0.319358 -1
0 18.457245 13.016656 -0.000000 0.011622 0.337664 -1
0 9.516092 2.614311 -0.000000 0.010158 0.475608 -1
0 -18.457245 13.016656 -0.000000 0.004298 0.337663 -1
0 -19.429562 13.466315 0.000000 0.003322 0.275163 -1
0 -9.516092 2.614311 -0.000000 0.005763 0.475608 -1
0 10.482342 30.216208 -0.000000 0.010646 0.026274 -1
0 9.516092 29.256649 -0.000002 0.010158 0.057524 -1
0 10.482342 5.675669 0.000000 0.010646 0.400164 -1
0 -10.482342 30.216208 -0.000000 0.005275 0.026274 -1
0 -9.516092 29.256649 0.000000 0.005763 0.057524 -1
0 -10.482342 5.675669 0.000000 0.005275 0.400163 -1
0 -19.429562 12.025830 -0.000001 0.003322 0.319358 -1
0 -20.264883 13.016656 0.000000 0.001726 0.377281 -1
0 -32.417458 1.516300 -0.000000 0.000928 0.428340 -1
0 -30.639725 1.516300 -0.000000 0.000821 0.479399 -1
0 0.000000 -28.825134 0.000000 0.007960 0.936315 -1
0 0.000000 -30.326008 0.000000 0.007960 0.980509 -1
0 1.839303 -29.237999 -0.000001 0.011802 0.733684 -1
0 32.417458 1.516300 0.000000 0.013820 0.605175 -1
0 1.839303 -29.237999 -0.000001 0.011867 0.730286 -1
0 32.417458 1.516300 0.000000 0.014979 0.428838 -1
0 10.887949 3.907268 -0.000001 0.011378 0.397483 -1
0 10.482342 30.216208 -0.000000 0.009303 0.026274 -1
0 -10.482342 30.216208 -0.000000 0.007960 0.026274 -1
0 -10.482342 30.216208 -0.000000 0.005275 0.213219 -1
0 -32.417458 1.516300 -0.000000 0.002088 0.604677 -1
0 -1.839305 -29.237999 -0.000001 0.004043 0.729800 -1
0 -1.839305 -29.237999 -0.000001 0.004045 0.729954 -1
0 -9.516092 29.256649 0.000000 0.037860 0.014383 -1
0 -6.780592 26.949364 7.499999 0.038745 0.040151 -1
0 -6.355139 27.066771 7.500000 0.038882 0.038840 -1
0 -0.836580 -25.640606 6.250000 0.051465 0.980058 -1
0 0.000000 -23.000000 7.500000 0.052146 0.968087 -1
0 -24.051659 1.516300 7.500000 0.052012 0.659733 -1
0 5.151780 16.631367 7.499999 0.043500 0.334363 -1
0 -7.320071 15.768165 7.500000 0.037665 0.353650 -1
0 7.320071 15.768165 7.500000 0.044515 0.353650 -1
0 7.320070 26.281878 7.500000 0.033005 0.066797 -1
0 7.320071 15.768165 7.500000 0.033005 0.436926 -1
0 7.842933 25.411102 5.000000 0.033370 0.097452 -1
0 19.429562 12.025830 -0.000001 0.060740 0.391960 -1
0 19.155474 8.863668 7.500000 0.058320 0.388158 -1
0 20.041256 8.535542 7.500000 0.058687 0.405562 -1
0 24.051659 1.516300 7.500000 0.055692 0.572336 -1
0 27.031437 1.516300 6.500000 0.055692 0.572539 -1
0 20.041256 8.535542 7.500000 0.055692 0.453875 -1
0 -19.053478 6.692636 7.500000 0.051767 0.457176 -1
0 -19.155474 8.863668 7.500000 0.051767 0.378791 -1
0 -19.930984 8.414939 7.500000 0.051767 0.437521 -1
0 0.836580 -25.640606 6.250000 0.056007 0.981343 -1
0 27.031437 1.516300 6.500000 0.055880 0.642568 -1
0 24.051659 1.516300 7.500000 0.055285 0.661373 -1
0 6.737916 -3.184607 7.500000 0.056035 0.126581 -1
0 1.254869 -8.647926 7.500000 0.055579 0.079084 -1
0 0.000000 -11.904731 7.500000 0.055579 0.110847 -1
0 -6.737916 -3.184607 7.500000 0.023043 0.918355 -1
0 -7.631446 0.004963 7.500000 0.022455 0.832837 -1
0 -8.459283 -0.233862 7.500000 0.021911 0.839240 -1
0 0.000000 -11.904731 7.500000 0.051452 0.153645 -1
0 -1.254869 -8.647926 7.500000 0.051452 0.072352 -1
0 -6.737916 -3.184607 7.500000 0.051563 0.195210 -1
0 9.307606 -0.102203 7.500000 0.052122 0.194805 -1
0 6.737916 -3.184607 7.500000 0.051241 0.251118 -1
0 10.223848 0.568464 7.500000 0.052492 0.192382 -1
0 -7.320071 15.768165 7.500000 0.019892 0.428295 -1
0 -7.320071 26.281878 7.499999 0.019892 0.052819 -1
0 -7.842933 25.411102 5.000000 0.019454 0.083917 -1
0 -19.930984 8.414939 7.500000 0.048887 0.406705 -1
0 -19.155474 8.863668 7.500000 0.049093 0.390186 -1
0 -19.429562 12.025830 -0.000001 0.046768 0.388580 -1
0 0.836580 -25.640606 6.250000 0.056959 0.813522 -1
0 0.000000 -28.825134 0.000000 0.058357 0.972455 -1
0 30.639725 1.516300 -0.000000 0.058405 0.654588 -1
0 -0.836580 -25.640606 6.250000 0.050563 0.818651 -1
0 -30.639725 1.516300 -0.000000 0.048968 0.653853 -1
0 0.000000 -28.825134 0.000000 0.048955 0.980854 -1
0 9.516092 29.256649 -0.000002 0.036641 0.019798 -1
0 7.705838 26.020657 5.625000 0.035867 0.131327 -1
0 7.842933 25.411102 5.000000 0.035926 0.152335 -1
0 -7.705838 26.020657 5.625000 0.016983 0.136759 -1
0 -7.383462 26.543308 6.250000 0.017100 0.118895 -1
0 -9.516092 29.256649 0.000000 0.016325 0.026152 -1
0 -7.320071 5.997501 7.500000 0.022136 0.664866 -1
0 -5.151780 14.873203 7.500000 0.022884 0.406762 -1
0 -7.320071 15.768165 7.500000 0.022136 0.380737 -1
0 0.000000 -7.947239 7.500000 0.041047 0.963338 -1
0 0.000000 -9.170789 7.500000 0.041047 0.992780 -1
0 1.254869 -8.647926 7.500000 0.041663 0.980198 -1
0 5.151780 24.835955 7.499999 0.043570 0.170117 -1
0 -7.069975 26.749002 7.499999 0.037609 0.095748 -1
0 -5.151780 24.835955 7.499999 0.038544 0.170117 -1
0 7.320070 26.281878 7.500000 0.030669 0.074248 -1
0 5.151780 24.835955 7.499999 0.029753 0.117708 -1
0 7.320071 15.768165 7.500000 0.030669 0.390256 -1
0 -5.151780 6.875140 7.499999 0.038758 0.581860 -1
0 7.320071 5.997501 7.500000 0.044527 0.601469 -1
0 5.151782 6.875140 7.499999 0.043524 0.581860 -1
0 5.151782 14.873203 7.500000 0.029753 0.417155 -1
0 7.320071 5.997501 7.500000 0.030669 0.683930 -1
0 -5.151780 14.873203 7.500000 0.038790 0.421284 -1
0 7.320071 15.768165 7.500000 0.044255 0.392176 -1
0 -7.320071 15.768165 7.500000 0.037840 0.392176 -1
0 -5.151780 4.873251 7.500000 0.022884 0.697559 -1
0 -7.320071 0.680280 7.500000 0.022136 0.819489 -1
0 -5.151780 4.873251 7.500000 0.038633 0.664985 -1
0 7.320071 5.997501 7.500000 0.044531 0.639865 -1
0 -7.320071 5.997501 7.500000 0.037607 0.639865 -1
0 5.151782 -2.846288 7.500000 0.029753 0.949745 -1
0 6.737916 -3.184607 7.500000 0.030423 0.959914 -1
0 7.320071 0.680280 7.500000 0.030669 0.843748 -1
0 9.516092 29.256649 -0.000002 0.044014 0.014383 -1
0 6.355139 27.066771 7.500000 0.042992 0.038840 -1
0 7.320071 0.680280 7.500000 0.061057 0.013208 -1
0 9.307606 -0.102203 7.500000 0.060122 0.032332 -1
0 7.842933 1.359442 5.000000 0.061125 0.030832 -1
0 6.780592 26.949364 7.500000 0.043130 0.040151 -1
0 7.069975 26.749002 7.500000 0.043223 0.042388 -1
0 6.355139 27.066771 7.500000 0.044157 0.083395 -1
0 -6.355139 27.066771 7.500000 0.037957 0.083395 -1
0 -5.151780 16.631367 7.499999 0.022884 0.355636 -1
0 -5.151780 24.835955 7.499999 0.022884 0.117048 -1
0 -9.307606 -0.102203 7.500000 0.047597 0.037082 -1
0 -8.459283 -0.233862 7.500000 0.047249 0.022604 -1
0 -7.320071 0.680280 7.500000 0.046237 0.018927 -1
0 -6.737916 -3.184607 7.500000 0.051282 0.257450 -1
0 -9.307606 -0.102203 7.500000 0.051905 0.164372 -1
0 -10.223848 0.568464 7.500000 0.052485 0.154096 -1
0 6.737916 -3.184607 7.500000 0.029717 0.946178 -1
0 7.631446 0.004963 7.500000 0.030302 0.860660 -1
0 7.320071 0.680280 7.500000 0.030098 0.842553 -1
0 -1.254869 -8.647926 7.500000 0.040431 0.980198 -1
0 -5.151780 -2.846288 7.500000 0.038518 0.840595 -1
0 -7.069975 26.749002 7.499999 0.038651 0.042388 -1
0 -27.031437 1.516300 6.500000 0.051407 0.641264 -1
0 0.000000 -26.115639 6.250000 0.051543 0.988329 -1
0 -5.151780 16.631367 7.499999 0.038679 0.334363 -1
0 7.320071 0.680280 7.500000 0.033005 0.968085 -1
0 7.842933 1.359442 5.000000 0.033370 0.944176 -1
0 7.320071 5.997501 7.500000 0.033005 0.780896 -1
0 7.705838 26.020657 5.625000 0.033275 0.075993 -1
0 7.383462 26.543308 6.250000 0.033050 0.057593 -1
0 7.069975 26.749002 7.500000 0.032831 0.050352 -1
0 27.031437 1.516300 6.500000 0.058450 0.604370 -1
0 30.639725 1.516300 -0.000000 0.060889 0.613026 -1
0 19.155474 8.863668 7.500000 0.055692 0.414321 -1
0 19.053097 6.692636 7.500000 0.055692 0.467112 -1
0 -27.031437 1.516300 6.500000 0.051767 0.613714 -1
0 -24.051659 1.516300 7.500000 0.051767 0.613411 -1
0 0.000000 -23.000000 7.500000 0.055320 0.969756 -1
0 0.000000 -26.115639 6.250000 0.055934 0.989657 -1
0 19.053097 6.692636 7.500000 0.055225 0.338284 -1
0 19.155474 8.863668 7.500000 0.055989 0.346122 -1
0 18.290558 8.414938 7.500000 0.055987 0.271337 -1
0 10.223848 0.568464 7.500000 0.055985 0.196552 -1
0 0.000000 -9.170789 7.500000 0.055579 0.140195 -1
0 -7.320071 0.680280 7.500000 0.022660 0.814731 -1
0 -19.155474 8.863668 7.500000 0.051563 0.063495 -1
0 -19.053478 6.692636 7.500000 0.051563 0.098868 -1
0 -18.290558 8.414938 7.500000 0.051563 0.079959 -1
0 -10.223848 0.568464 7.500000 0.051563 0.129352 -1
0 0.000000 -9.170789 7.500000 0.051452 0.121270 -1
0 8.459283 -0.233862 7.500000 0.051752 0.197228 -1
0 -7.069975 26.749002 7.499999 0.020102 0.036136 -1
0 -7.383462 26.543308 6.250000 0.019839 0.043482 -1
0 -7.705838 26.020657 5.625000 0.019569 0.062148 -1
0 -7.842933 1.359442 5.000000 0.019454 0.942874 -1
0 -7.320071 0.680280 7.500000 0.019892 0.967129 -1
0 -7.320071 5.997501 7.500000 0.019892 0.777235 -1
0 -30.639725 1.516300 -0.000000 0.046514 0.607577 -1
0 -27.031437 1.516300 6.500000 0.048890 0.594896 -1
0 27.031437 1.516300 6.500000 0.056913 0.654588 -1
0 0.000000 -26.115639 6.250000 0.057004 0.972455 -1
0 0.000000 -26.115639 6.250000 0.050552 0.980292 -1
0 -27.031437 1.516300 6.500000 0.050574 0.657010 -1
0 7.842933 1.359442 5.000000 0.035926 0.981274 -1
0 9.516092 2.614311 -0.000000 0.036641 0.938025 -1
0 7.069975 26.749002 7.500000 0.035595 0.106224 -1
0 7.383462 26.543308 6.250000 0.035729 0.113313 -1
0 -9.516092 2.614311 -0.000000 0.016325 0.936791 -1
0 -7.842933 1.359442 5.000000 0.016933 0.979683 -1
0 -7.842933 25.411102 5.000000 0.016933 0.157594 -1
0 -7.069975 26.749002 7.499999 0.017214 0.111864 -1
0 -5.151780 6.875140 7.499999 0.022884 0.639344 -1
0 6.737916 -3.184607 7.500000 0.044353 0.848736 -1
0 5.151782 -2.846288 7.500000 0.043575 0.840595 -1
0 7.069975 26.749002 7.500000 0.044506 0.095748 -1
0 7.069975 26.749002 7.500000 0.030564 0.060208 -1
0 5.151780 16.631367 7.499999 0.029753 0.364311 -1
0 -7.320071 5.997501 7.500000 0.037755 0.601469 -1
0 5.151782 6.875140 7.499999 0.029753 0.657551 -1
0 5.151782 14.873203 7.500000 0.043305 0.421284 -1
0 -6.737916 -3.184607 7.500000 0.022337 0.931879 -1
0 -5.151780 -2.846288 7.500000 0.022884 0.922041 -1
0 5.151782 4.873251 7.500000 0.043506 0.664985 -1
0 5.151782 4.873251 7.500000 0.029753 0.717721 -1
0 7.631446 0.004963 7.500000 0.060715 0.008340 -1
0 8.459283 -0.233862 7.500000 0.060356 0.017545 -1
0 10.223848 0.568464 7.500000 0.060056 0.055820 -1
0 18.290558 8.414938 7.500000 0.060165 0.290256 -1
0 10.887949 3.907268 -0.000001 0.061019 0.113435 -1
0 19.155474 8.863668 7.500000 0.060038 0.309807 -1
0 19.429562 12.025830 -0.000001 0.061067 0.358971 -1
0 9.516092 2.614311 -0.000000 0.061015 0.074156 -1
0 -6.780592 26.949364 7.499999 0.037750 0.087959 -1
0 6.780592 26.949364 7.500000 0.044364 0.087959 -1
0 -7.069975 26.749002 7.499999 0.022222 0.061417 -1
0 -7.320071 26.281878 7.499999 0.022136 0.075001 -1
0 -9.516092 2.614311 -0.000000 0.046340 0.079432 -1
0 -19.429562 12.025830 -0.000001 0.046467 0.362411 -1
0 -18.290558 8.414938 7.500000 0.047717 0.293341 -1
0 -19.155474 8.863668 7.500000 0.047914 0.312649 -1
0 -10.223848 0.568464 7.500000 0.047708 0.060357 -1
0 -7.842933 1.359442 5.000000 0.046152 0.036493 -1
0 -7.631446 0.004963 7.500000 0.046726 0.013782 -1
0 -8.459283 -0.233862 7.500000 0.051325 0.174647 -1
0 8.459283 -0.233862 7.500000 0.030845 0.867063 -1
0 -6.737916 -3.184607 7.500000 0.037740 0.848736 -1
53
-0.000000 -0.000000 1.000000
0.266200 0.004900 0.963900
0.006200 0.314900 0.949100
0.189200 0.715100 0.672900
0.474300 0.661100 0.581300
0.222200 -0.001100 0.975000
-0.006800 0.313100 0.949700
-0.266200 0.004900 0.963900
-0.000000 -0.309200 0.951000
-0.396800 0.480600 0.782000
-0.247500 0.897000 0.366200
-0.471900 -0.600500 0.645600
-0.000000 -0.341500 0.939900
-0.302100 -0.067900 0.950800
-0.802900 -0.000000 0.596100
0.802900 -0.000000 0.596100
0.657500 0.179200 0.731800
0.964600 -0.017000 0.263300
-0.049400 0.627800 0.776800
0.371500 0.502500 0.780700
0.300700 -0.072200 0.951000
0.729000 0.003300 0.684500
-0.009100 0.641900 0.766700
-0.389500 0.464100 0.795500
0.471900 -0.600500 0.645600
-0.072500 0.317000 0.945700
-0.264800 0.421000 0.867600
-0.657500 0.179200 0.731800
-0.979000 0.002900 0.203700
0.961700 0.070300 0.265000
-0.920700 0.126500 0.369100
-0.355800 0.190500 0.914900
-0.316600 0.229900 0.920300
0.316600 0.229900 0.920300
-0.000000 0.959900 0.280300
0.627600 0.634400 0.451200
0.517000 0.746800 0.418300
0.072500 0.317000 0.945700
0.272800 0.431000 0.860200
-0.517000 0.746800 0.418300
-0.727900 0.005500 0.685700
-0.000000 -0.745500 0.666500
0.962300 0.139000 0.233800
0.451300 0.157300 0.878400
-0.378000 0.492200 0.784200
0.377600 0.492300 0.784300
-0.901200 0.412800 0.132000
-0.978200 0.085800 0.189300
-0.530600 0.767400 0.359900
-0.948300 -0.000000 0.317300
-0.954000 -0.144100 0.263000
-0.960100 -0.063400 0.272500
0.247500 0.897000 0.366200
152
0 0 1 2 0 0 1 1
0 1 3 2 0 2 1 1
0 4 5 1 0 3 0 1
0 6 7 8 0 0 4 1
0 9 10 11 0 5 0 1
0 12 13 10 0 0 5 1
0 14 8 13 0 4 0 1
0 14 6 8 0 0 4 1
0 7 15 8 0 6 4 1
0 16 17 18 0 0 7 1
0 19 20 21 8 0 0 1
0 22 2 23 0 1 0 1
0 24 0 2 0 0 1 1
0 25 1 5 9 0 3 1
0 10 5 11 5 3 0 1
0 26 27 10 0 0 5 1
0 28 14 13 0 0 0 1
0 29 30 18 0 0 7 1
0 21 2 19 0 1 8 1
0 20 19 31 0 8 0 1
0 30 19 18 0 8 7 1
0 18 7 16 7 0 0 1
0 7 18 15 0 7 6 1
0 4 11 5 0 0 3 1
0 32 33 34 10 10 10 1
0 35 36 37 11 12 13 1
0 38 39 40 0 14 15 1
0 41 42 43 16 15 17 1
0 44 45 46 2 18 19 1
0 47 48 49 20 21 19 1
0 50 51 52 0 22 23 1
0 53 54 55 24 21 20 1
0 56 57 58 0 0 0 1
0 59 60 61 0 0 0 1
0 62 63 64 0 0 0 1
0 65 66 67 25 0 26 1
0 68 69 70 14 27 28 1
0 71 72 73 23 22 6 1
0 74 75 76 24 8 1 1
0 77 78 79 11 7 8 1
0 80 81 82 5 29 17 1
0 83 84 85 30 30 30 1
0 86 87 88 0 0 0 1
0 89 90 91 0 0 0 1
0 92 93 94 0 31 0 1
0 95 96 97 16 0 15 1
0 98 99 100 0 0 0 1
0 101 102 97 0 0 0 1
0 103 104 105 0 0 0 1
0 106 86 107 0 14 32 1
0 108 109 110 0 15 14 1
0 111 112 113 0 0 33 1
0 114 34 115 34 34 34 1
0 116 117 118 33 25 35 1
0 114 119 120 36 36 36 1
0 121 122 93 0 0 31 1
0 88 123 124 14 0 0 1
0 125 126 127 37 0 32 1
0 128 129 130 0 37 38 1
0 131 132 133 0 0 33 1
0 134 89 135 0 0 0 1
0 25 3 1 9 2 0 1
0 32 136 33 39 39 39 1
0 37 137 35 13 40 11 1
0 35 138 36 11 41 12 1
0 38 139 39 0 0 14 1
0 140 141 142 33 35 15 1
0 141 43 42 35 17 15 1
0 142 141 42 15 35 15 1
0 43 143 41 17 29 16 1
0 143 144 41 29 42 16 1
0 144 145 41 42 43 16 1
0 46 146 44 19 21 2 1
0 146 147 44 21 1 2 1
0 148 149 49 18 0 19 1
0 149 47 49 0 20 19 1
0 150 151 52 40 13 23 1
0 151 50 52 13 0 23 1
0 55 152 53 20 12 24 1
0 152 153 53 12 41 24 1
0 58 154 56 0 0 0 1
0 154 155 156 0 18 44 1
0 56 154 157 0 0 26 1
0 156 157 154 44 26 0 1
0 57 158 58 0 0 0 1
0 59 159 60 0 32 0 1
0 160 161 162 22 0 45 1
0 161 62 64 0 0 0 1
0 162 161 163 45 0 38 1
0 62 164 63 0 0 0 1
0 64 163 161 0 38 0 1
0 65 165 66 25 0 0 1
0 69 166 167 27 31 46 1
0 167 168 69 46 47 27 1
0 168 70 69 47 28 27 1
0 70 169 68 28 48 14 1
0 169 170 171 48 32 14 1
0 171 68 169 14 14 48 1
0 73 172 173 6 7 40 1
0 173 71 73 40 23 6 1
0 76 174 74 1 21 24 1
0 74 175 75 24 41 8 1
0 79 176 77 8 41 11 1
0 77 177 78 11 40 7 1
0 178 179 82 35 3 17 1
0 179 80 82 3 5 17 1
0 80 180 181 5 43 42 1
0 80 181 81 5 42 29 1
0 182 183 184 49 49 49 1
0 85 182 184 49 49 49 1
0 84 185 85 50 50 50 1
0 85 184 83 51 51 51 1
0 86 186 87 0 0 0 1
0 187 188 91 0 0 0 1
0 188 89 91 0 0 0 1
0 92 189 93 0 43 31 1
0 190 96 95 43 0 16 1
0 96 191 97 0 0 15 1
0 98 192 99 0 0 0 1
0 101 193 102 0 0 0 1
0 103 194 104 0 0 0 1
0 195 196 107 0 0 32 1
0 196 106 107 0 0 32 1
0 108 197 109 0 0 15 1
0 102 198 113 15 0 33 1
0 198 111 113 0 0 33 1
0 114 32 34 34 34 34 1
0 199 200 116 0 0 33 1
0 200 117 116 0 25 33 1
0 117 201 118 25 26 35 1
0 201 202 203 26 44 9 1
0 118 201 203 35 26 9 1
0 202 204 205 44 18 2 1
0 203 206 118 9 3 35 1
0 202 205 203 44 2 9 1
0 114 115 119 52 52 52 1
0 207 93 122 0 31 0 1
0 93 189 121 31 43 0 1
0 189 208 121 43 0 0 1
0 124 209 210 0 31 27 1
0 210 88 124 27 14 0 1
0 211 212 213 4 6 45 1
0 212 214 213 6 22 45 1
0 213 215 211 45 38 4 1
0 215 125 216 38 37 48 1
0 127 216 125 32 48 37 1
0 216 211 215 48 4 38 1
0 126 217 127 0 0 32 1
0 128 218 129 0 0 37 1
0 131 219 132 0 0 0 1
0 135 220 134 0 0 0 1
0 134 90 89 0 0 0 1

Materials: 3
"19 - Default"
0.588235 0.588235 0.588235 1.000000
0.588235 0.588235 0.588235 1.000000
0.898039 0.898039 0.898039 1.000000
0.000000 0.000000 0.000000 1.000000
12.799999
1.000000
"textures\Tap Note 4th ani texture.ini"
""
"shells"
0.588235 0.588235 0.588235 1.000000
0.588235 0.588235 0.588235 1.000000
0.898039 0.898039 0.898039 1.000000
0.000000 0.000000 0.000000 1.000000
12.799999
1.000000
"textures\Tap Shell 4th ani texture.ini"
""
"shine"
0.588235 0.588235 0.588235 1.000000
0.588235 0.588235 0.588235 1.000000
0.898039 0.898039 0.898039 1.000000
0.000000 0.000000 0.000000 1.000000
12.799999
1.000000
"textures\Tap Shine 4th ani texture.ini"
""

Bones: 0
GroupComments: 0
MaterialComments: 0
BoneComments: 0
ModelComment: 0
