// MilkShape 3D ASCII

Frames: 30
Frame: 1

Meshes: 3
"scroller" 0 0
12
0 0.000000 -23.000000 7.450002 0.551018 0.908796 -1
0 5.751484 -6.169774 7.450000 0.546875 0.643631 -1
0 0.000000 25.620199 7.449998 0.534100 0.327417 -1
0 24.051661 1.516300 7.450000 0.551018 0.356369 -1
0 19.053097 6.692636 7.449999 0.546875 0.356369 -1
0 -5.751484 -6.169774 7.450000 0.546875 0.643631 -1
0 -19.053478 6.692636 7.449999 0.546875 0.356369 -1
0 -24.051661 1.516300 7.450000 0.542731 0.356369 -1
0 0.000000 -23.000000 7.450002 0.542731 0.908796 -1
0 0.000000 25.620199 7.449998 0.559649 0.327417 -1
0 -5.751484 25.620247 7.449998 0.557578 0.261126 -1
0 5.751484 25.620199 7.449998 0.536171 0.261126 -1
12
0.000000 0.000000 1.000000
0.000000 0.000000 1.000000
0.000000 0.000000 1.000000
-0.000000 0.000000 1.000000
-0.000000 0.000000 1.000000
-0.000000 0.000000 1.000000
0.000000 0.000000 1.000000
0.000000 0.000000 1.000000
-0.000000 0.000000 1.000000
-0.000000 0.000000 1.000000
0.000000 0.000000 1.000000
0.000000 0.000000 1.000000
8
0 0 1 2 0 1 2 1
0 1 0 3 1 0 3 1
0 4 1 3 4 1 3 1
0 5 6 7 5 6 7 1
0 5 7 8 5 7 8 1
0 5 8 9 5 8 9 1
0 10 5 9 10 5 9 1
0 1 11 2 1 11 2 1
"shellboi" 0 1
448
0 20.264883 13.016656 0.000000 0.014186 0.377614 -1
0 19.429562 13.466315 0.000000 0.012599 0.275164 -1
0 30.639725 1.516300 -0.000000 0.015100 0.479399 -1
0 19.429562 12.025830 -0.000001 0.012599 0.319358 -1
0 18.457245 13.016656 -0.000000 0.011622 0.337664 -1
0 9.516092 2.957782 -0.000000 0.010158 0.475608 -1
0 -18.457245 13.016656 -0.000000 0.004298 0.337663 -1
0 -19.429562 13.466315 0.000000 0.003322 0.275163 -1
0 -9.516092 2.957782 -0.000000 0.005763 0.475608 -1
0 10.482342 30.216208 -0.000000 0.010646 0.026274 -1
0 9.516092 29.256649 -0.000002 0.010158 0.057524 -1
0 10.482342 5.675669 0.000000 0.010646 0.400164 -1
0 -10.482342 30.216208 -0.000000 0.005275 0.026274 -1
0 -9.516092 29.256649 0.000000 0.005763 0.057524 -1
0 -10.482342 5.675669 0.000000 0.005275 0.400163 -1
0 -19.429562 12.025830 -0.000001 0.003322 0.319358 -1
0 -20.264883 13.016656 0.000000 0.001726 0.377281 -1
0 -32.417458 1.516300 -0.000000 0.000928 0.428340 -1
0 -30.639725 1.516300 -0.000000 0.000821 0.479399 -1
0 0.000000 -28.825134 0.000000 0.007960 0.936315 -1
0 0.000000 -30.326008 0.000000 0.007960 0.980509 -1
0 1.839303 -29.237999 -0.000001 0.011802 0.733684 -1
0 32.417458 1.516300 0.000000 0.013820 0.605175 -1
0 1.839303 -29.237999 -0.000001 0.011867 0.730286 -1
0 32.417458 1.516300 0.000000 0.014979 0.428838 -1
0 9.516092 2.957782 -0.000000 0.011378 0.397483 -1
0 10.482342 30.216208 -0.000000 0.009303 0.026274 -1
0 -10.482342 30.216208 -0.000000 0.007960 0.026274 -1
0 -10.482342 30.216208 -0.000000 0.005275 0.213219 -1
0 -32.417458 1.516300 -0.000000 0.002088 0.604677 -1
0 -1.839305 -29.237999 -0.000001 0.004043 0.729800 -1
0 -1.839305 -29.237999 -0.000001 0.004045 0.729954 -1
0 -0.836580 -24.373093 6.250000 0.051418 0.816898 -1
0 0.000000 -23.000000 7.500000 0.051858 0.941413 -1
0 -24.051659 1.516300 7.500000 0.052045 0.697178 -1
0 -6.857527 16.955288 5.624999 0.041012 0.148396 -1
0 -7.108718 17.311834 4.687499 0.040166 0.142749 -1
0 -7.108718 16.214237 4.687500 0.040166 0.160135 -1
0 7.320073 0.475752 3.750000 0.029592 0.917112 -1
0 6.951718 5.821345 4.687499 0.029414 0.690374 -1
0 5.798329 5.019477 7.500000 0.028854 0.727499 -1
0 5.798324 18.981781 7.500000 0.044529 0.291440 -1
0 -5.151780 19.920538 7.499999 0.038097 0.270465 -1
0 -5.798327 18.981833 7.500000 0.037424 0.291439 -1
0 6.973540 16.434521 4.687499 0.029639 0.346376 -1
0 6.670859 16.619947 5.624999 0.029128 0.339828 -1
0 5.798329 15.593551 7.500000 0.028594 0.376072 -1
0 7.320070 26.281872 3.749999 0.030313 0.029348 -1
0 5.798324 25.620247 7.500000 0.028531 0.054272 -1
0 7.320070 18.981781 3.749999 0.030409 0.302680 -1
0 -5.798327 15.593551 7.500000 0.038204 0.425049 -1
0 5.798328 16.649418 7.499999 0.043952 0.387250 -1
0 -5.798327 16.649418 7.499999 0.038204 0.388094 -1
0 5.798329 5.019477 7.500000 0.044414 0.675700 -1
0 -5.798327 6.222060 7.499999 0.037721 0.639349 -1
0 -5.798327 5.019477 7.500000 0.037721 0.675700 -1
0 -8.679513 2.148911 1.875000 0.046824 0.032053 -1
0 -9.516092 2.957782 -0.000000 0.045342 0.039285 -1
0 -19.293301 10.082603 3.250000 0.048305 0.334413 -1
0 -1.254869 -10.190636 7.500000 0.050014 0.225270 -1
0 0.000000 -10.713498 7.500000 0.050014 0.364401 -1
0 0.000000 -8.665413 7.500000 0.050014 0.334015 -1
0 8.679513 28.443705 1.874998 0.035016 0.034999 -1
0 7.320070 26.281872 3.749999 0.033622 0.236980 -1
0 7.320070 18.981781 3.749999 0.033622 0.338169 -1
0 5.798329 -1.230006 7.500000 0.044451 0.846384 -1
0 5.151782 -1.379258 7.500000 0.043809 0.869287 -1
0 4.588207 -1.941907 7.500000 0.043508 0.878631 -1
0 28.321848 1.516300 3.250000 0.058250 0.581349 -1
0 19.293301 10.096108 3.250000 0.058335 0.417400 -1
0 20.041256 7.274734 7.000000 0.057346 0.446139 -1
0 24.051659 1.516300 7.500000 0.055692 0.572336 -1
0 25.724453 1.516300 6.500000 0.055692 0.572539 -1
0 20.041256 7.274734 7.000000 0.055692 0.453875 -1
0 -19.053478 6.692636 7.500000 0.051767 0.457176 -1
0 -19.155474 7.785885 7.500000 0.051767 0.378791 -1
0 -19.930984 7.154131 7.000000 0.051767 0.437521 -1
0 0.836580 -24.373093 6.250000 0.056148 0.982144 -1
0 25.724453 1.516300 6.500000 0.056273 0.635858 -1
0 24.051659 1.516300 7.500000 0.055451 0.649184 -1
0 -5.798332 -7.110926 7.500000 0.051563 0.345530 -1
0 -7.320071 -4.041777 7.500000 0.051563 0.195210 -1
0 -11.189251 -0.256255 7.500000 0.051563 0.129352 -1
0 19.053097 6.692636 7.500000 0.055225 0.350985 -1
0 18.290558 7.154130 7.000000 0.055965 0.340488 -1
0 11.189251 -0.256255 7.500000 0.055985 0.196552 -1
0 1.254869 -10.190636 7.500000 0.055579 0.079084 -1
0 0.000000 -10.713498 7.500000 0.055579 0.140195 -1
0 1.254869 -11.706944 7.500000 0.055579 0.110847 -1
0 -1.254869 -11.706944 7.500000 0.051452 0.097777 -1
0 0.000000 -10.713498 7.500000 0.051452 0.121270 -1
0 -1.254869 -10.190636 7.500000 0.051452 0.072352 -1
0 -8.900746 -0.568600 6.187500 0.051325 0.174647 -1
0 -10.044998 -0.611588 7.000000 0.051905 0.164372 -1
0 -7.288699 -1.202227 7.250000 0.050943 0.228569 -1
0 -5.798327 -2.737970 7.500000 0.050014 0.199253 -1
0 -7.320071 -4.041777 7.500000 0.050014 0.138079 -1
0 -5.798327 -5.556363 7.500000 0.050014 0.208025 -1
0 28.321848 1.516300 3.250000 0.060575 0.653468 -1
0 0.000000 -28.825134 0.000000 0.061879 0.971335 -1
0 30.639725 1.516300 -0.000000 0.062066 0.653468 -1
0 0.000000 -8.665413 7.500000 0.057609 0.318670 -1
0 1.254869 -10.190636 7.500000 0.057609 0.251559 -1
0 5.798332 -5.556363 7.500000 0.057609 0.165452 -1
0 8.900746 -0.568600 6.187500 0.051752 0.197228 -1
0 8.242702 -0.373437 5.375000 0.051540 0.194200 -1
0 7.320071 -1.202227 7.250000 0.051241 0.229701 -1
0 -18.290558 7.154130 7.000000 0.053301 0.128241 -1
0 -11.189251 -0.256255 7.500000 0.053294 0.284727 -1
0 -8.242702 -0.373437 5.375000 0.054027 0.286909 -1
0 -4.588205 2.770987 7.500000 0.023711 0.792836 -1
0 -5.151780 -1.379258 7.500000 0.022943 0.911809 -1
0 -4.588205 -1.941907 7.500000 0.023731 0.900640 -1
0 4.588207 2.770987 7.500000 0.043358 0.742233 -1
0 -5.151780 3.895232 7.500000 0.038034 0.726613 -1
0 -4.588205 2.770987 7.500000 0.038490 0.742233 -1
0 4.588207 2.770987 7.500000 0.026940 0.790392 -1
0 5.151782 -1.379258 7.500000 0.026094 0.907913 -1
0 5.151782 3.895232 7.500000 0.026099 0.765395 -1
0 4.588207 13.803562 7.499999 0.026957 0.468222 -1
0 5.151782 9.122256 7.499999 0.026106 0.587948 -1
0 5.151782 14.698556 7.500000 0.026112 0.443181 -1
0 4.588207 13.803562 7.499999 0.043509 0.489760 -1
0 -5.151780 14.698556 7.500000 0.038238 0.476436 -1
0 -4.588205 13.803562 7.499999 0.038665 0.489760 -1
0 -4.588205 24.051661 7.499998 0.038412 0.237057 -1
0 5.151780 24.835955 7.499999 0.043820 0.220138 -1
0 -5.151780 24.835955 7.499999 0.038039 0.220138 -1
0 -4.588205 20.859247 7.499999 0.023623 0.306602 -1
0 -5.151780 24.835955 7.499999 0.022787 0.111445 -1
0 -5.151780 19.920538 7.499999 0.022816 0.264011 -1
0 4.588204 20.859247 7.499999 0.026966 0.307572 -1
0 5.151780 24.835955 7.499999 0.026125 0.114274 -1
0 4.588205 24.051661 7.499998 0.026975 0.139358 -1
0 -5.798327 16.649418 7.499999 0.037973 0.363948 -1
0 5.798324 18.981781 7.500000 0.044078 0.328101 -1
0 -5.798327 18.981833 7.500000 0.037973 0.328100 -1
0 -8.679513 2.148911 1.875000 0.017817 0.945797 -1
0 -7.320071 7.529215 3.750000 0.019273 0.644412 -1
0 -7.320071 16.698627 3.750000 0.019273 0.407895 -1
0 -19.930984 7.154131 7.000000 0.050475 0.458790 -1
0 -19.155474 7.785885 7.500000 0.050475 0.414990 -1
0 -19.293301 10.082603 3.250000 0.049146 0.409310 -1
0 7.320071 -1.202227 7.250000 0.061065 0.064158 -1
0 5.798329 -1.230006 7.500000 0.061964 0.011628 -1
0 5.798327 -2.737970 7.500000 0.061042 0.005694 -1
0 -28.321848 1.516300 3.250000 0.048081 0.646741 -1
0 0.000000 -28.825134 0.000000 0.045382 0.974303 -1
0 0.000000 -27.091059 3.250000 0.048059 0.973741 -1
0 0.000000 -7.367180 7.500000 0.060763 0.133162 -1
0 0.000000 -8.665413 7.500000 0.061945 0.137229 -1
0 5.798327 -2.737970 7.500000 0.062074 0.017352 -1
0 0.836580 -24.373093 6.250000 0.056959 0.813522 -1
0 0.000000 -27.091059 3.250000 0.058357 0.972455 -1
0 28.321848 1.516300 3.250000 0.058405 0.654588 -1
0 -0.836580 -24.373093 6.250000 0.050563 0.818651 -1
0 -28.321848 1.516300 3.250000 0.048968 0.653853 -1
0 0.000000 -27.091059 3.250000 0.048955 0.980854 -1
0 5.798329 -1.230006 7.500000 0.060711 0.010529 -1
0 -5.798327 -1.230006 7.500000 0.047178 0.113670 -1
0 -5.798327 -2.737970 7.500000 0.048132 0.099225 -1
0 0.000000 -7.367180 7.500000 0.047204 0.021963 -1
0 0.000000 -8.665413 7.500000 0.048204 0.006807 -1
0 9.516092 2.957782 -0.000000 0.036658 0.969699 -1
0 8.679513 28.443705 1.874998 0.035122 0.043960 -1
0 8.679513 2.148911 1.875000 0.035087 0.968162 -1
0 -8.679513 28.443705 1.875000 0.017266 0.042328 -1
0 -9.516092 2.957782 -0.000000 0.015872 0.939713 -1
0 -8.679513 2.148911 1.875000 0.017266 0.945797 -1
0 -5.151780 9.122256 7.499999 0.037636 0.487255 -1
0 4.588207 9.902566 7.499999 0.044046 0.474060 -1
0 -4.588205 9.902566 7.499999 0.038007 0.474060 -1
0 5.798329 8.341942 7.500000 0.044337 0.572602 -1
0 -5.798327 6.222060 7.499999 0.037593 0.613649 -1
0 5.798329 6.222060 7.499999 0.044337 0.613649 -1
0 -5.798327 8.341948 7.500000 0.021857 0.548847 -1
0 -5.151780 14.698556 7.500000 0.022631 0.443140 -1
0 -5.798327 15.593551 7.500000 0.021830 0.417887 -1
0 -4.588205 -1.941907 7.500000 0.038607 0.878631 -1
0 -5.798327 -1.230006 7.500000 0.037663 0.889796 -1
0 0.000000 -7.367180 7.500000 0.041057 0.976619 -1
0 -6.606335 6.372258 6.562499 0.041810 0.403811 -1
0 -6.857527 6.635819 5.624999 0.040921 0.399780 -1
0 -6.857527 5.380950 5.625000 0.040921 0.418970 -1
0 5.151780 19.920538 7.499999 0.024234 0.263456 -1
0 5.798324 25.620247 7.500000 0.025720 0.065798 -1
0 5.151780 24.835955 7.499999 0.024269 0.096079 -1
0 -5.151780 24.835955 7.499999 0.037923 0.212282 -1
0 5.798324 25.620247 7.500000 0.044518 0.193912 -1
0 -5.798327 25.620247 7.500000 0.037440 0.193912 -1
0 -5.151780 19.920538 7.499999 0.022640 0.264011 -1
0 -5.798327 25.620247 7.500000 0.021819 0.153562 -1
0 -5.798327 18.981833 7.500000 0.021833 0.221420 -1
0 -5.151780 19.920538 7.499999 0.037471 0.238727 -1
0 4.588204 20.859247 7.499999 0.044272 0.222670 -1
0 -4.588205 20.859247 7.499999 0.037865 0.222670 -1
0 -5.151780 9.122256 7.499999 0.022879 0.589103 -1
0 -4.588205 13.803562 7.499999 0.023652 0.468393 -1
0 -5.151780 14.698556 7.500000 0.022851 0.443140 -1
0 -5.151780 9.122256 7.499999 0.038296 0.522351 -1
0 5.798329 8.341942 7.500000 0.044472 0.535754 -1
0 5.151782 9.122256 7.499999 0.043826 0.522351 -1
0 5.151782 14.698556 7.500000 0.024474 0.398926 -1
0 5.798329 8.341942 7.500000 0.025294 0.631617 -1
0 5.798329 15.593551 7.500000 0.025314 0.378929 -1
0 5.151782 14.698556 7.500000 0.043811 0.462445 -1
0 -5.798327 15.593551 7.500000 0.037569 0.444841 -1
0 -5.151780 14.698556 7.500000 0.038000 0.462445 -1
0 -5.151780 3.895232 7.500000 0.023047 0.768057 -1
0 -5.798327 -1.230006 7.500000 0.022287 0.922977 -1
0 -5.151780 -1.379258 7.500000 0.023075 0.911809 -1
0 5.151782 3.895232 7.500000 0.043762 0.711682 -1
0 -5.798327 5.019477 7.500000 0.037621 0.693382 -1
0 -5.151780 3.895232 7.500000 0.038070 0.711682 -1
0 5.151782 3.895232 7.500000 0.024520 0.747549 -1
0 5.798329 -1.230006 7.500000 0.025417 0.945545 -1
0 5.798329 5.019477 7.500000 0.025263 0.704947 -1
0 8.242702 -0.373437 5.375000 0.060878 0.170087 -1
0 19.293301 10.096108 3.250000 0.061163 0.350817 -1
0 8.679513 2.148911 1.875000 0.062006 0.192242 -1
0 -6.857527 15.871597 5.625000 0.020371 0.350600 -1
0 -7.108718 16.214237 4.687500 0.020225 0.340935 -1
0 -7.320071 7.529215 3.750000 0.020102 0.585931 -1
0 -7.108718 5.686911 4.687500 0.020330 0.683090 -1
0 -7.320071 0.475752 3.750000 0.020207 0.888881 -1
0 -6.857527 5.380950 5.625000 0.020476 0.694161 -1
0 -5.798327 25.620247 7.500000 0.038668 0.158722 -1
0 -6.559199 26.020294 5.625000 0.038668 0.158722 -1
0 -6.178763 25.744106 6.562500 0.038668 0.158722 -1
0 -7.288699 -1.202227 7.250000 0.050221 0.209437 -1
0 -5.798327 -1.230006 7.500000 0.049401 0.115448 -1
0 -7.320071 0.475752 3.750000 0.048922 0.152592 -1
0 7.320071 -4.041777 7.500000 0.057749 0.052792 -1
0 5.798327 -2.737970 7.500000 0.057749 0.099838 -1
0 5.798332 -5.556363 7.500000 0.057749 0.109532 -1
0 -8.679513 28.443705 1.875000 0.037852 0.040021 -1
0 9.516092 29.256649 -0.000002 0.044603 0.021857 -1
0 -9.516092 29.256649 0.000000 0.037542 0.021857 -1
0 -19.429562 12.025830 -0.000001 0.045604 0.397578 -1
0 -28.321848 1.516300 3.250000 0.048865 0.599689 -1
0 -19.293301 10.082603 3.250000 0.048321 0.396261 -1
0 18.290558 7.154130 7.000000 0.058024 0.189238 -1
0 19.155474 7.785890 7.500000 0.057949 0.100251 -1
0 19.293301 10.096108 3.250000 0.057264 0.080126 -1
0 28.321848 1.516300 3.250000 0.059535 0.597773 -1
0 19.429562 12.025830 -0.000001 0.062076 0.389844 -1
0 19.293301 10.096108 3.250000 0.059697 0.409200 -1
0 5.798332 -7.110926 7.500000 0.053713 0.510321 -1
0 1.254869 -11.706944 7.500000 0.053713 0.583760 -1
0 1.254869 -12.676386 7.499998 0.053713 0.605394 -1
0 19.053097 5.642143 7.499999 0.053713 0.364715 -1
0 24.051659 1.516300 7.500000 0.053713 0.414883 -1
0 19.053097 6.692636 7.500000 0.053713 0.343831 -1
0 0.000000 -22.008850 7.500000 0.053713 0.723029 -1
0 23.138460 1.516300 7.500000 0.053713 0.414883 -1
0 -24.051659 1.516300 7.500000 0.053713 0.414793 -1
0 -23.138460 1.516300 7.500000 0.053713 0.414793 -1
0 -19.053097 5.642143 7.499999 0.053713 0.364715 -1
0 -19.053478 6.692636 7.500000 0.053713 0.340628 -1
0 6.355139 27.066771 3.750000 0.043591 0.108988 -1
0 6.780588 26.949369 3.750000 0.043761 0.111969 -1
0 8.679513 28.443705 1.874998 0.044518 0.074032 -1
0 5.798324 18.981781 7.500000 0.037937 0.328204 -1
0 5.798328 16.649418 7.499999 0.037937 0.364393 -1
0 6.670859 16.619947 5.624999 0.038090 0.364850 -1
0 5.798329 8.341942 7.500000 0.037826 0.574104 -1
0 5.798329 6.222060 7.499999 0.037826 0.606996 -1
0 6.642046 5.990985 5.624999 0.037965 0.607774 -1
0 -1.254869 -12.676386 7.499998 0.053713 0.605394 -1
0 -5.798332 -7.110926 7.500000 0.053713 0.510321 -1
0 6.780588 26.949369 3.750000 0.044348 0.140363 -1
0 6.355139 27.066771 3.750000 0.044140 0.137740 -1
0 5.798324 25.620247 7.500000 0.044140 0.170060 -1
0 -5.798327 18.981833 7.500000 0.021182 0.236233 -1
0 -6.559199 26.020294 5.625000 0.020509 0.036815 -1
0 -7.320071 17.834032 3.749999 0.019836 0.268754 -1
0 -25.724453 1.516300 6.500000 0.051409 0.683957 -1
0 0.000000 -24.848125 6.250000 0.051428 0.949840 -1
0 -6.606335 15.669185 6.562500 0.041859 0.168768 -1
0 -5.798327 15.593551 7.500000 0.042706 0.169966 -1
0 -5.798327 16.649418 7.499999 0.042706 0.153241 -1
0 -6.606335 16.738962 6.562499 0.041859 0.151823 -1
0 -6.857527 15.871597 5.625000 0.041012 0.165562 -1
0 -7.320071 17.834032 3.749999 0.039453 0.134477 -1
0 -7.320071 16.698627 3.750000 0.039453 0.152462 -1
0 5.798329 6.222060 7.499999 0.028854 0.682071 -1
0 6.642046 5.990985 5.624999 0.029264 0.683965 -1
0 5.798329 -1.230006 7.500000 0.028854 0.981548 -1
0 7.320071 5.443650 3.750000 0.029592 0.704641 -1
0 5.151780 19.920538 7.499999 0.043857 0.270465 -1
0 5.798328 16.649418 7.499999 0.028594 0.338788 -1
0 5.798329 8.341942 7.500000 0.028594 0.644581 -1
0 7.320071 8.341942 3.750000 0.030116 0.642710 -1
0 7.320071 16.041098 3.750000 0.030224 0.360268 -1
0 7.069974 26.749052 3.750000 0.029851 0.011749 -1
0 5.798324 18.981781 7.500000 0.028531 0.304349 -1
0 5.798329 15.593551 7.500000 0.043907 0.425049 -1
0 5.798329 6.222060 7.499999 0.044358 0.640049 -1
0 -19.429562 12.025830 -0.000001 0.045378 0.342379 -1
0 -8.242702 -0.373437 5.375000 0.048396 0.144237 -1
0 -7.723281 0.003359 4.562500 0.047934 0.084529 -1
0 -7.320071 0.475752 3.750000 0.047472 0.024821 -1
0 -5.798327 -2.737970 7.500000 0.050014 0.043066 -1
0 -5.798327 -5.556363 7.500000 0.050014 0.086139 -1
0 7.320073 0.475752 3.750000 0.033622 0.957663 -1
0 8.679513 2.148911 1.875000 0.034986 0.959201 -1
0 7.320071 5.443650 3.750000 0.033622 0.773317 -1
0 7.320071 16.041098 3.750000 0.033622 0.439358 -1
0 7.320071 8.341942 3.750000 0.033622 0.606338 -1
0 7.069974 26.749052 3.750000 0.033622 0.034601 -1
0 0.000000 -6.480210 7.500000 0.041057 0.953991 -1
0 25.724453 1.516300 6.500000 0.057152 0.567402 -1
0 19.155474 7.785890 7.500000 0.056993 0.435671 -1
0 19.155474 7.785890 7.500000 0.055692 0.414321 -1
0 19.053097 6.692636 7.500000 0.055692 0.467112 -1
0 -25.724453 1.516300 6.500000 0.051767 0.613714 -1
0 -24.051659 1.516300 7.500000 0.051767 0.613411 -1
0 0.000000 -23.000000 7.500000 0.055032 0.973112 -1
0 0.000000 -24.848125 6.250000 0.055992 0.990812 -1
0 -19.155474 7.785885 7.500000 0.051563 0.063495 -1
0 -19.053478 6.692636 7.500000 0.051563 0.098868 -1
0 -18.290558 7.154130 7.000000 0.051563 0.079959 -1
0 -5.798327 -5.556363 7.500000 0.051563 0.326926 -1
0 5.798332 -5.556363 7.500000 0.056048 0.098823 -1
0 5.798332 -7.110926 7.500000 0.055375 0.080356 -1
0 7.320071 -4.041777 7.500000 0.056035 0.126581 -1
0 19.155474 7.785890 7.500000 0.055989 0.358824 -1
0 0.000000 -12.229805 7.500000 0.055579 0.180641 -1
0 5.798332 -7.110926 7.500000 0.055579 0.041053 -1
0 5.798332 -5.556363 7.500000 0.055579 0.017973 -1
0 -5.798327 -5.556363 7.500000 0.051452 0.023435 -1
0 -5.798332 -7.110926 7.500000 0.051452 0.041910 -1
0 0.000000 -12.229805 7.500000 0.051452 0.153645 -1
0 -7.320071 0.475752 3.750000 0.050229 0.162301 -1
0 -7.723281 0.003359 4.562500 0.050557 0.169789 -1
0 -8.242702 -0.373437 5.375000 0.050924 0.174554 -1
0 -11.189251 -0.256255 7.500000 0.052485 0.154096 -1
0 -7.320071 -4.041777 7.500000 0.051282 0.257450 -1
0 -7.288699 -1.202227 7.250000 0.050014 0.129730 -1
0 0.000000 -27.091059 3.250000 0.060527 0.971335 -1
0 5.798327 -2.737970 7.500000 0.057609 0.147284 -1
0 0.000000 -10.713498 7.500000 0.057609 0.337665 -1
0 7.320071 -4.041777 7.500000 0.051241 0.251118 -1
0 11.189251 -0.256255 7.500000 0.052492 0.192382 -1
0 10.044998 -0.611588 7.000000 0.052122 0.194805 -1
0 7.723281 0.003359 4.562500 0.051372 0.188354 -1
0 7.320073 0.475752 3.750000 0.051241 0.181024 -1
0 -8.900746 -0.568600 6.187500 0.053864 0.290543 -1
0 -19.293301 10.082603 3.250000 0.053888 0.078886 -1
0 -10.044998 -0.611588 7.000000 0.053579 0.287635 -1
0 -19.155474 7.785885 7.500000 0.053468 0.119885 -1
0 -5.151780 3.895232 7.500000 0.022914 0.768057 -1
0 5.151782 3.895232 7.500000 0.043814 0.726613 -1
0 4.588207 -1.941907 7.500000 0.026935 0.897447 -1
0 4.588207 9.902566 7.499999 0.026949 0.628058 -1
0 5.151782 14.698556 7.500000 0.043991 0.476436 -1
0 4.588205 24.051661 7.499998 0.043280 0.237057 -1
0 -4.588205 24.051661 7.499998 0.023592 0.137186 -1
0 5.151780 19.920538 7.499999 0.026119 0.265578 -1
0 5.798328 16.649418 7.499999 0.044078 0.363948 -1
0 -7.320071 17.834032 3.749999 0.019273 0.300653 -1
0 -7.320071 27.066771 3.749999 0.019273 0.035113 -1
0 -8.679513 28.443705 1.875000 0.017817 0.042328 -1
0 -7.320071 0.475752 3.750000 0.019273 0.951881 -1
0 -7.320071 6.222060 3.750000 0.019273 0.749231 -1
0 -28.321848 1.516300 3.250000 0.049329 0.592284 -1
0 -25.724453 1.516300 6.500000 0.050476 0.590190 -1
0 7.320073 0.475752 3.750000 0.061941 0.050846 -1
0 -30.639725 1.516300 -0.000000 0.045389 0.643585 -1
0 25.724453 1.516300 6.500000 0.056913 0.654588 -1
0 0.000000 -24.848125 6.250000 0.057004 0.972455 -1
0 0.000000 -24.848125 6.250000 0.050552 0.980292 -1
0 -25.724453 1.516300 6.500000 0.050574 0.657010 -1
0 9.516092 29.256649 -0.000002 0.036728 0.044358 -1
0 -9.516092 29.256649 0.000000 0.015872 0.049544 -1
0 5.151782 9.122256 7.499999 0.044416 0.487255 -1
0 -5.798327 8.341948 7.500000 0.037593 0.572602 -1
0 -5.151780 9.122256 7.499999 0.022659 0.589103 -1
0 -5.151780 -1.379258 7.500000 0.038306 0.869287 -1
0 -7.108718 6.967924 4.687499 0.040031 0.394702 -1
0 -7.320071 7.529215 3.750000 0.039283 0.386119 -1
0 -7.320071 6.222060 3.750000 0.039283 0.406108 -1
0 -7.108718 5.686911 4.687500 0.040031 0.414291 -1
0 -6.606335 5.143532 6.562500 0.041810 0.422600 -1
0 -5.798327 5.019477 7.500000 0.042700 0.424497 -1
0 -5.798327 6.222060 7.499999 0.042700 0.406108 -1
0 5.798324 18.981781 7.500000 0.025685 0.299700 -1
0 5.151780 24.835955 7.499999 0.044035 0.212282 -1
0 -5.151780 24.835955 7.499999 0.022610 0.111445 -1
0 5.151780 19.920538 7.499999 0.044665 0.238727 -1
0 -4.588205 9.902566 7.499999 0.023681 0.629360 -1
0 -5.798327 8.341948 7.500000 0.037650 0.535754 -1
0 5.151782 9.122256 7.499999 0.024453 0.614183 -1
0 5.798329 15.593551 7.500000 0.044298 0.444841 -1
0 -5.798327 5.019477 7.500000 0.022250 0.743279 -1
0 5.798329 5.019477 7.500000 0.044211 0.693382 -1
0 5.151782 -1.379258 7.500000 0.024638 0.951406 -1
0 19.429562 12.025830 -0.000001 0.062179 0.364955 -1
0 9.516092 2.957782 -0.000000 0.062118 0.206176 -1
0 7.320073 0.475752 3.750000 0.061748 0.168545 -1
0 7.723281 0.003359 4.562500 0.061315 0.168478 -1
0 -5.798327 6.222060 7.499999 0.020664 0.622805 -1
0 -5.798327 8.341948 7.500000 0.020664 0.563005 -1
0 -6.606335 6.372258 6.562499 0.020518 0.618568 -1
0 -5.798327 15.593551 7.500000 0.020664 0.358444 -1
0 -6.606335 15.669185 6.562500 0.020518 0.356310 -1
0 -6.857527 6.635819 5.624999 0.020371 0.611133 -1
0 -7.108718 6.967924 4.687499 0.020225 0.601765 -1
0 -7.320071 16.698627 3.750000 0.020102 0.327271 -1
0 -5.798327 -1.230006 7.500000 0.020769 0.888881 -1
0 -5.798327 5.019477 7.500000 0.020769 0.707242 -1
0 -6.606335 5.143532 6.562500 0.020623 0.702753 -1
0 -7.320071 6.222060 3.750000 0.020207 0.663724 -1
0 -7.320071 27.066771 3.749999 0.038668 0.158722 -1
0 -6.939635 26.361715 4.687499 0.038668 0.158722 -1
0 -5.798327 -2.737970 7.500000 0.050354 0.101003 -1
0 7.320071 -1.202227 7.250000 0.057749 0.042221 -1
0 8.679513 28.443705 1.874998 0.044293 0.040021 -1
0 -30.639725 1.516300 -0.000000 0.045459 0.602017 -1
0 8.242702 -0.373437 5.375000 0.057252 0.310145 -1
0 8.900746 -0.568600 6.187500 0.057513 0.305143 -1
0 11.189251 -0.256255 7.500000 0.058098 0.278225 -1
0 10.044998 -0.611588 7.000000 0.057806 0.291684 -1
0 30.639725 1.516300 -0.000000 0.060963 0.608615 -1
0 0.000000 -12.229805 7.500000 0.053713 0.590521 -1
0 0.000000 -13.309277 7.499999 0.053713 0.614859 -1
0 0.000000 -23.000000 7.500000 0.053713 0.742420 -1
0 -8.679513 28.443705 1.875000 0.037594 0.074032 -1
0 -7.320071 27.066771 3.749999 0.038136 0.108988 -1
0 7.069974 26.749052 3.750000 0.043876 0.117054 -1
0 7.320071 16.041098 3.750000 0.038405 0.373832 -1
0 7.320070 18.981781 3.749999 0.038405 0.328204 -1
0 6.973540 16.434521 4.687499 0.038237 0.367727 -1
0 7.320071 5.443650 3.750000 0.038294 0.616266 -1
0 7.320071 8.341942 3.750000 0.038294 0.574104 -1
0 6.951718 5.821345 4.687499 0.038115 0.610406 -1
0 -1.254869 -11.706944 7.500000 0.053713 0.583760 -1
0 -7.320071 27.066771 3.749999 0.037452 0.137740 -1
0 -5.798327 25.620247 7.500000 0.037924 0.170060 -1
0 7.069974 26.749052 3.750000 0.044490 0.144839 -1
0 -5.798327 25.620247 7.500000 0.021182 0.048149 -1
0 -6.178763 25.744106 6.562500 0.020845 0.044640 -1
0 -6.606335 16.738962 6.562499 0.020467 0.299780 -1
0 -5.798327 16.649418 7.499999 0.021182 0.302317 -1
0 -7.108718 17.311834 4.687499 0.020023 0.283549 -1
0 -6.857527 16.955288 5.624999 0.020245 0.293651 -1
0 -7.320071 27.066771 3.749999 0.019836 0.007165 -1
0 -6.939635 26.361715 4.687499 0.020173 0.027141 -1
100
-0.000000 -0.000000 1.000000
0.234400 0.002600 0.972100
0.005100 0.273200 0.962000
0.190300 0.643100 0.741700
0.542300 0.696600 0.469700
0.181700 0.180800 0.966600
-0.000000 0.200100 0.979800
-0.005000 0.272400 0.962200
-0.234400 0.002600 0.972100
-0.000000 -0.272300 0.962200
-0.491700 -0.602500 0.628700
-0.000000 -0.372000 0.928200
-0.370800 -0.017400 0.928500
-0.965900 -0.000000 0.258800
0.505000 0.559600 0.657200
0.935400 -0.017100 0.353300
0.542700 -0.005900 0.839900
0.543000 0.006800 0.839700
-0.531800 0.030400 0.846300
0.937700 -0.041800 0.344800
0.931000 -0.063400 0.359600
0.920700 -0.013700 0.390100
0.819300 0.164600 0.549200
0.449800 0.456900 0.767400
0.876900 0.005200 0.480600
0.558400 0.759000 0.334700
-0.010200 0.865500 0.500800
0.665500 0.480500 0.571200
0.235400 0.159000 0.958800
0.810100 0.010000 0.586200
0.007600 0.869700 0.493600
0.558000 0.492700 0.667800
0.369200 -0.024100 0.929000
0.699800 -0.014900 0.714200
0.012300 0.157200 0.987500
-0.024500 0.550400 0.834600
-0.590800 0.468200 0.657100
0.491700 -0.602500 0.628700
-0.005300 0.034500 0.999400
0.267500 0.289400 0.919100
-0.031100 0.150400 0.988100
-0.563800 0.528200 0.634900
-0.267500 0.289400 0.919100
0.273100 0.868600 0.413400
0.401300 0.547600 0.734300
-0.052600 0.553000 0.831500
-0.038700 0.021200 0.999000
-0.273900 0.867900 0.414400
-0.255800 0.843700 0.472000
0.051200 0.552200 0.832100
0.564000 0.528900 0.634200
0.255800 0.843900 0.471600
-0.401600 -0.000000 0.915800
-0.809600 -0.000000 0.587000
0.038200 0.020900 0.999100
-0.808600 0.011500 0.588300
-0.000000 -0.865900 0.500300
-0.061000 0.176000 0.982500
0.251600 0.638200 0.727600
-0.913200 -0.000000 0.407500
-0.447000 0.454100 0.770700
-0.966300 -0.004300 0.257400
-0.966500 -0.007000 0.256700
-0.926600 -0.000000 0.376000
0.124100 0.833200 0.538800
0.005300 0.034300 0.999400
-0.000000 0.917500 0.397800
-0.020100 0.540400 0.841200
0.184600 0.668900 0.720100
0.693900 -0.000000 0.720000
0.923200 0.008700 0.384100
0.700400 -0.000000 0.713800
0.931600 -0.060400 0.358400
0.395100 0.828400 0.397100
0.130900 0.918300 0.373700
-0.931700 0.071800 0.356100
-0.700300 -0.005700 0.713800
-0.000000 -0.714800 0.699300
-0.757500 -0.000000 0.652900
-0.975500 -0.000000 0.219900
0.876900 -0.000000 0.480700
0.876100 0.003300 0.482100
0.877400 -0.004700 0.479800
0.654400 0.502200 0.565400
0.047500 0.867600 0.495000
-0.401400 0.547600 0.734200
-0.045800 0.867900 0.494600
-0.967100 -0.075600 0.242800
-0.922000 0.229900 0.311700
-0.921800 0.203900 0.329900
-0.921200 0.216400 0.323500
-0.923400 -0.034700 0.382200
-0.934800 -0.067200 0.348800
-0.966400 -0.007200 0.257100
-0.619500 0.614500 0.488400
-0.000000 0.806000 0.591900
0.358700 0.518200 0.776400
-0.885500 0.132900 0.445200
-0.928300 0.192500 0.318200
-0.929300 0.195800 0.313300
290
0 0 1 2 0 0 1 1
0 1 3 2 0 2 1 1
0 4 5 1 0 3 0 1
0 6 7 8 0 0 4 1
0 9 10 11 0 5 0 1
0 12 13 10 0 6 5 1
0 14 8 13 0 4 6 1
0 14 6 8 0 0 4 1
0 7 15 8 0 7 4 1
0 16 17 18 0 0 8 1
0 19 20 21 9 0 0 1
0 22 2 23 0 1 0 1
0 24 0 2 0 0 1 1
0 25 3 1 3 2 0 1
0 10 5 11 5 3 0 1
0 26 27 10 0 0 5 1
0 28 14 13 0 0 6 1
0 29 30 18 0 0 8 1
0 21 2 19 0 1 9 1
0 20 19 31 0 9 0 1
0 30 19 18 0 9 8 1
0 18 7 16 8 0 0 1
0 7 18 15 0 8 7 1
0 4 11 5 0 0 3 1
0 32 33 34 10 11 12 1
0 35 36 37 13 13 13 1
0 38 39 40 14 15 16 1
0 41 42 43 17 0 18 1
0 44 45 46 19 20 21 1
0 47 48 49 22 23 24 1
0 50 51 52 0 0 0 1
0 53 54 55 16 0 0 1
0 56 57 58 25 4 26 1
0 59 60 61 0 0 0 1
0 62 63 64 27 22 24 1
0 65 66 67 28 0 0 1
0 68 69 70 29 30 31 1
0 71 72 73 32 33 31 1
0 74 75 76 34 35 36 1
0 77 78 79 37 33 32 1
0 80 81 82 0 38 39 1
0 83 84 85 40 41 42 1
0 86 87 88 0 0 0 1
0 89 90 91 0 0 0 1
0 92 93 94 43 44 45 1
0 95 96 97 46 38 0 1
0 98 99 100 29 9 1 1
0 101 102 103 0 0 0 1
0 104 105 106 47 48 49 1
0 107 108 109 50 39 51 1
0 110 111 112 0 0 0 1
0 113 114 115 0 0 0 1
0 116 117 118 0 0 0 1
0 119 120 121 0 0 0 1
0 122 123 124 0 0 0 1
0 125 126 127 0 0 0 1
0 128 129 130 0 0 0 1
0 131 132 133 0 0 0 1
0 134 135 136 52 17 18 1
0 137 138 139 53 53 53 1
0 140 141 142 36 35 26 1
0 143 144 145 49 28 54 1
0 146 147 148 55 9 56 1
0 149 150 151 0 0 54 1
0 152 153 154 37 56 29 1
0 155 156 157 10 55 56 1
0 158 149 151 28 0 54 1
0 159 160 161 57 46 0 1
0 160 162 161 46 0 0 1
0 163 164 165 3 27 58 1
0 166 167 168 59 59 59 1
0 169 170 171 0 0 0 1
0 172 173 174 0 0 0 1
0 175 176 177 0 0 0 1
0 178 179 180 0 57 0 1
0 181 182 183 13 13 13 1
0 184 185 186 0 23 0 1
0 187 188 189 0 23 60 1
0 190 191 192 0 60 18 1
0 193 194 195 0 0 0 1
0 196 197 198 0 0 0 1
0 199 200 201 0 0 0 1
0 202 203 204 0 0 0 1
0 205 206 207 0 0 0 1
0 208 209 210 0 57 0 1
0 211 212 213 0 0 0 1
0 214 215 216 0 28 16 1
0 217 218 219 48 30 58 1
0 220 221 222 61 61 61 1
0 223 224 225 62 62 62 1
0 226 227 228 60 63 63 1
0 229 230 231 45 57 64 1
0 232 233 234 65 54 0 1
0 235 236 237 66 5 6 1
0 238 239 240 7 55 26 1
0 241 242 243 41 67 30 1
0 244 245 246 29 2 30 1
0 247 248 249 0 0 0 1
0 250 251 252 0 32 40 1
0 253 251 254 0 32 0 1
0 255 253 256 12 0 0 1
0 255 257 258 12 0 34 1
0 259 260 261 68 68 68 1
0 262 263 264 17 69 20 1
0 265 266 267 70 71 72 1
0 257 268 269 0 0 0 1
0 270 271 272 73 74 23 1
0 273 274 275 18 63 75 1
0 34 276 32 12 76 10 1
0 32 277 33 10 77 11 1
0 278 279 280 78 78 78 1
0 278 280 281 78 78 78 1
0 37 282 35 13 13 13 1
0 282 278 281 13 13 13 1
0 283 284 36 79 79 79 1
0 284 37 36 79 79 79 1
0 282 281 35 13 13 13 1
0 285 40 286 71 16 72 1
0 40 287 38 16 28 14 1
0 286 40 39 72 16 15 1
0 38 288 39 14 80 15 1
0 41 289 42 17 0 0 1
0 45 290 46 20 69 21 1
0 46 291 292 21 70 81 1
0 292 293 46 81 82 21 1
0 293 44 46 82 19 21 1
0 294 48 47 83 23 22 1
0 48 295 49 23 17 24 1
0 50 296 51 0 0 0 1
0 53 297 54 16 71 0 1
0 298 58 57 7 26 4 1
0 58 299 56 26 51 25 1
0 299 300 56 51 84 25 1
0 300 301 56 84 64 25 1
0 302 303 61 46 0 0 1
0 303 59 61 0 0 0 1
0 304 305 306 14 58 80 1
0 305 62 307 58 27 82 1
0 306 305 308 80 58 81 1
0 62 309 63 27 83 22 1
0 64 307 62 24 82 27 1
0 307 308 305 82 81 58 1
0 67 310 180 0 0 0 1
0 180 65 67 0 28 0 1
0 70 311 68 31 33 29 1
0 69 312 70 30 67 31 1
0 313 314 73 67 40 31 1
0 314 71 73 40 32 31 1
0 315 316 76 76 12 36 1
0 316 74 76 12 34 36 1
0 79 317 77 32 11 37 1
0 317 318 77 11 77 37 1
0 319 320 321 35 34 50 1
0 320 80 82 34 0 39 1
0 80 322 81 0 0 38 1
0 82 321 320 39 50 34 1
0 323 324 325 0 0 65 1
0 324 83 85 0 40 42 1
0 83 326 84 40 67 41 1
0 85 325 324 42 65 0 1
0 87 327 88 0 0 0 1
0 88 328 86 0 0 0 1
0 328 329 86 0 0 0 1
0 330 331 91 0 0 0 1
0 331 89 91 0 0 0 1
0 89 332 90 0 0 0 1
0 94 333 334 45 64 84 1
0 94 334 335 45 84 51 1
0 336 337 93 39 38 44 1
0 337 94 93 38 45 44 1
0 94 335 92 45 51 43 1
0 95 338 96 46 45 38 1
0 98 339 99 29 56 9 1
0 103 340 101 0 54 0 1
0 101 341 102 0 0 0 1
0 342 343 344 65 42 85 1
0 342 344 106 65 85 49 1
0 344 104 106 85 47 49 1
0 345 346 106 86 14 49 1
0 105 345 106 48 86 49 1
0 347 109 108 43 51 39 1
0 109 348 107 51 26 50 1
0 347 108 349 43 39 44 1
0 348 350 107 26 35 50 1
0 110 351 111 0 0 0 1
0 113 352 114 0 0 0 1
0 116 353 117 0 0 0 1
0 119 354 120 0 0 0 1
0 122 355 123 0 0 0 1
0 125 356 126 0 0 0 1
0 128 357 129 0 0 0 1
0 131 358 132 0 0 0 1
0 134 359 135 52 69 17 1
0 360 361 362 53 53 53 1
0 362 137 139 53 53 53 1
0 137 363 364 53 53 53 1
0 137 364 138 53 53 53 1
0 139 360 362 53 53 53 1
0 142 365 140 26 55 36 1
0 365 366 140 55 76 36 1
0 143 367 144 49 14 28 1
0 146 368 147 55 8 9 1
0 154 369 152 29 33 37 1
0 152 370 153 37 77 56 1
0 157 371 155 56 77 10 1
0 155 372 156 10 76 55 1
0 163 373 164 3 5 27 1
0 166 374 167 59 59 59 1
0 169 375 170 0 0 0 1
0 172 376 173 0 0 0 1
0 175 377 176 0 0 0 1
0 180 310 178 0 0 0 1
0 178 378 179 0 0 57 1
0 379 380 381 79 79 79 1
0 381 382 379 79 79 79 1
0 382 183 182 13 13 13 1
0 183 383 181 13 13 13 1
0 383 384 385 78 78 78 1
0 181 383 385 78 78 78 1
0 182 379 382 13 13 13 1
0 184 386 185 0 17 23 1
0 187 387 188 0 0 23 1
0 190 388 191 0 0 60 1
0 193 389 194 0 0 0 1
0 196 390 197 0 0 0 1
0 199 391 200 0 0 0 1
0 202 392 203 0 0 0 1
0 205 393 206 0 0 0 1
0 208 394 209 0 0 57 1
0 211 395 212 0 16 0 1
0 214 396 215 0 0 28 1
0 218 397 398 30 2 3 1
0 219 399 400 58 14 86 1
0 218 398 219 30 3 58 1
0 400 217 219 86 48 58 1
0 401 402 403 78 78 78 1
0 402 404 405 78 78 78 1
0 402 405 220 87 87 87 1
0 406 403 402 88 88 88 1
0 222 407 402 89 89 89 1
0 407 406 402 90 90 90 1
0 221 408 222 79 79 79 1
0 402 220 222 91 91 91 1
0 409 410 411 78 78 78 1
0 409 411 224 92 92 92 1
0 411 225 224 93 93 93 1
0 412 224 223 79 79 79 1
0 226 413 227 60 94 63 1
0 413 414 227 94 63 63 1
0 229 415 230 45 46 57 1
0 232 416 233 65 49 54 1
0 235 417 236 66 27 5 1
0 238 418 239 7 8 55 1
0 243 419 241 30 48 41 1
0 419 420 421 48 47 42 1
0 241 419 421 41 48 42 1
0 420 422 421 47 85 42 1
0 244 423 245 29 1 2 1
0 250 252 247 0 40 0 1
0 248 424 249 0 0 0 1
0 424 425 249 0 0 0 1
0 250 247 249 0 0 0 1
0 250 254 251 0 0 32 1
0 253 426 251 0 11 32 1
0 255 426 253 12 11 0 1
0 255 256 257 12 0 0 1
0 261 427 259 95 95 95 1
0 427 428 259 95 95 95 1
0 260 429 261 96 96 96 1
0 430 431 432 82 24 19 1
0 431 262 264 24 17 20 1
0 432 431 264 19 24 20 1
0 433 434 435 80 81 15 1
0 434 265 267 81 70 72 1
0 435 434 267 15 81 72 1
0 425 424 268 0 0 0 1
0 424 436 268 0 0 0 1
0 269 258 257 0 34 0 1
0 436 269 268 0 0 0 1
0 437 438 271 94 60 74 1
0 438 272 271 60 23 74 1
0 272 439 270 23 83 73 1
0 273 440 441 18 60 63 1
0 273 441 274 18 63 63 1
0 442 443 273 97 52 18 1
0 444 445 273 98 99 18 1
0 445 442 273 99 97 18 1
0 446 275 447 94 75 63 1
0 275 444 273 75 98 18 1
0 447 275 274 63 75 63 1
"shineboi" 0 2
164
0 -5.798327 16.649418 7.599999 0.011601 -0.044543 -1
0 -0.000002 18.981806 7.599999 0.008170 -0.022142 -1
0 -5.798327 18.981833 7.599999 0.010617 -0.059618 -1
0 -7.320071 27.066771 3.849999 0.007848 -0.121708 -1
0 0.000000 28.443705 1.974999 0.004178 -0.083297 -1
0 -8.679513 28.443705 1.975000 0.007840 -0.139394 -1
0 -0.836580 -24.373093 6.350000 0.026815 0.252662 -1
0 0.000000 -23.000000 7.600000 0.025883 0.249195 -1
0 -24.051659 1.516300 7.600000 0.025687 -0.064710 -1
0 -6.857527 16.955288 5.724999 0.011919 -0.053366 -1
0 -7.108718 17.311834 4.787499 0.011874 -0.057294 -1
0 -7.108718 16.214237 4.787500 0.012337 -0.050200 -1
0 7.320073 0.475752 3.850000 0.013146 0.050155 -1
0 6.951718 5.821345 4.787499 0.015556 0.017986 -1
0 5.798329 5.019477 7.600000 0.015705 0.030623 -1
0 -4.588205 20.859247 7.599998 0.009314 -0.063931 -1
0 6.973540 16.434521 4.787499 0.020025 -0.050750 -1
0 6.670859 16.619947 5.724999 0.020231 -0.049992 -1
0 5.798329 15.593551 7.600000 0.020166 -0.037719 -1
0 7.320070 26.281872 3.849999 0.024033 -0.116635 -1
0 5.798324 25.620247 7.600000 0.024396 -0.102524 -1
0 7.320070 18.981781 3.849999 0.020953 -0.069453 -1
0 0.000001 15.593551 7.600000 0.022612 -0.000243 -1
0 5.798328 16.649418 7.599999 0.020611 -0.044544 -1
0 0.000000 16.649418 7.599999 0.023058 -0.007068 -1
0 0.000001 5.019477 7.600000 0.014061 0.068099 -1
0 -5.798327 6.222060 7.599999 0.016000 0.022851 -1
0 -5.798327 5.019477 7.600000 0.016507 0.030623 -1
0 -8.679513 2.148911 1.975000 0.018934 0.030555 -1
0 -9.516092 2.957782 0.100000 0.018946 0.019920 -1
0 -19.293301 10.082603 3.349999 0.020065 -0.089321 -1
0 -5.798332 -7.110926 7.600000 0.021625 0.109025 -1
0 0.000000 -7.367180 7.599999 0.019287 0.148157 -1
0 -5.798327 -2.737970 7.600000 0.019780 0.080761 -1
0 8.679513 28.443705 1.974998 0.024372 -0.139394 -1
0 4.588207 -1.941907 7.600000 0.013278 0.083437 -1
0 0.000000 -7.367180 7.599999 0.012925 0.148156 -1
0 5.798329 -1.230006 7.600000 0.013068 0.071015 -1
0 28.321848 1.516300 3.350000 0.004724 -0.092309 -1
0 19.293301 10.096108 3.350000 0.012153 -0.089409 -1
0 20.041256 7.274734 7.100000 0.010647 -0.076008 -1
0 24.051659 1.516300 7.600000 0.006526 -0.064710 -1
0 25.724453 1.516300 6.600000 0.005820 -0.075522 -1
0 -19.053478 6.692636 7.600000 0.021394 -0.065861 -1
0 -19.155474 7.785885 7.600000 0.020976 -0.073586 -1
0 -19.930984 7.154131 7.100000 0.021569 -0.074516 -1
0 0.836580 -24.373093 6.350000 0.005397 0.252662 -1
0 -11.189251 -0.256255 7.600000 0.021008 0.029879 -1
0 -18.290558 7.154130 7.100000 0.020877 -0.063913 -1
0 19.053097 6.692636 7.600000 0.010818 -0.065859 -1
0 18.290558 7.154130 7.100000 0.011335 -0.063913 -1
0 11.189251 -0.256255 7.600000 0.011204 0.029879 -1
0 -4.588205 13.803562 7.599999 0.012291 -0.018329 -1
0 0.000001 15.593551 7.600000 0.009600 -0.000243 -1
0 -5.798327 15.593551 7.600000 0.012046 -0.037719 -1
0 -8.900746 -0.568600 6.287500 0.020174 0.046689 -1
0 -10.044998 -0.611588 7.100000 0.020675 0.039571 -1
0 -7.288699 -1.202227 7.350000 0.019761 0.061203 -1
0 -7.320071 -4.041777 7.600000 0.020972 0.079353 -1
0 0.000000 -28.825134 0.100000 0.003872 0.286844 -1
0 30.639725 1.516300 0.100000 0.003746 -0.107290 -1
0 5.798332 -7.110926 7.600000 0.010587 0.109024 -1
0 5.798327 -2.737970 7.600000 0.012432 0.080761 -1
0 8.900746 -0.568600 6.287500 0.012038 0.046688 -1
0 8.242702 -0.373437 5.475000 0.012398 0.049680 -1
0 7.320071 -1.202227 7.350000 0.012438 0.061000 -1
0 -8.242702 -0.373437 5.475000 0.019814 0.049680 -1
0 0.000001 8.341945 7.599999 0.012659 0.046625 -1
0 0.000001 6.222060 7.599999 0.013554 0.060327 -1
0 -4.588205 9.902566 7.599999 0.013937 0.006884 -1
0 -5.798327 8.341948 7.599999 0.015106 0.009150 -1
0 5.798324 18.981781 7.599999 0.021595 -0.059618 -1
0 -0.000002 18.981806 7.599999 0.024042 -0.022142 -1
0 -7.320071 7.529215 3.849999 0.016091 0.004567 -1
0 -7.320071 16.698627 3.849999 0.012222 -0.054697 -1
0 -28.321848 1.516300 3.350000 0.027488 -0.092309 -1
0 0.000000 -28.825134 0.100000 0.028340 0.286844 -1
0 0.000000 -27.091059 3.350000 0.027609 0.275636 -1
0 0.000001 5.019477 7.600000 0.018151 0.068099 -1
0 5.798329 6.222060 7.599999 0.016212 0.022851 -1
0 0.000001 6.222060 7.599999 0.018658 0.060326 -1
0 0.000000 -27.091059 3.350000 0.004604 0.275636 -1
0 -5.798327 -1.230006 7.600000 0.019144 0.071015 -1
0 -4.588205 2.770987 7.599999 0.016946 0.052977 -1
0 9.516092 2.957782 0.100000 0.013266 0.019920 -1
0 8.679513 2.148911 1.975000 0.013278 0.030555 -1
0 0.000001 8.341945 7.599999 0.019553 0.046625 -1
0 5.798329 8.341942 7.599999 0.017107 0.009149 -1
0 -4.588205 -1.941907 7.600000 0.018934 0.083437 -1
0 0.000000 -6.480210 7.600000 0.018913 0.142424 -1
0 -6.606335 6.372258 6.662499 0.016278 0.016658 -1
0 -6.857527 6.635819 5.724999 0.016272 0.013331 -1
0 -6.857527 5.380950 5.725000 0.016802 0.021441 -1
0 4.588204 20.859247 7.599999 0.022898 -0.063931 -1
0 4.588205 24.051661 7.599998 0.024245 -0.084564 -1
0 -5.798327 25.620247 7.600000 0.007816 -0.102524 -1
0 4.588207 9.902566 7.599999 0.018276 0.006884 -1
0 4.588207 13.803562 7.599999 0.019921 -0.018329 -1
0 0.000001 13.803562 7.599999 0.021857 0.011326 -1
0 4.588207 2.770987 7.599999 0.015267 0.052977 -1
0 0.000001 2.770987 7.599999 0.017202 0.082631 -1
0 -6.857527 15.871597 5.725000 0.012376 -0.046362 -1
0 -7.108718 5.686911 4.787500 0.016779 0.017840 -1
0 -7.320071 0.475752 3.850000 0.019066 0.050155 -1
0 -6.559199 26.020294 5.724999 0.007968 -0.110027 -1
0 -6.178763 25.744106 6.662500 0.007924 -0.105783 -1
0 7.320071 -4.041777 7.600000 0.011240 0.079353 -1
0 0.000000 29.256649 0.099999 0.003835 -0.088551 -1
0 -9.516092 29.256649 0.100000 0.007850 -0.150055 -1
0 -19.429562 12.025830 0.099999 0.019303 -0.102762 -1
0 19.155474 7.785890 7.600000 0.011237 -0.073587 -1
0 19.429562 12.025830 0.099999 0.012910 -0.102762 -1
0 1.254869 -12.676386 7.599998 0.010156 0.174360 -1
0 19.053097 5.642143 7.599999 0.010375 -0.059070 -1
0 0.000000 -22.008850 7.600000 0.006748 0.242789 -1
0 23.138460 1.516300 7.600000 0.006911 -0.058808 -1
0 0.000000 -22.008850 7.600000 0.025464 0.242789 -1
0 -23.138460 1.516300 7.600000 0.025301 -0.058808 -1
0 -19.053097 5.642143 7.599999 0.021837 -0.059069 -1
0 6.355139 27.066771 3.850000 0.024772 -0.115472 -1
0 6.780588 26.949369 3.850000 0.024543 -0.117463 -1
0 6.642046 5.990985 5.724999 0.015759 0.018891 -1
0 -1.254869 -12.676386 7.599998 0.022056 0.174361 -1
0 -4.588205 24.051661 7.599998 0.007967 -0.084564 -1
0 -0.000002 25.620247 7.600000 0.005370 -0.065048 -1
0 -7.320071 17.834032 3.849999 0.011743 -0.062035 -1
0 0.000000 16.649418 7.599999 0.009154 -0.007068 -1
0 0.000000 27.066771 3.849999 0.004759 -0.074397 -1
0 0.000000 27.066771 3.849999 0.027453 -0.074397 -1
0 -0.000002 25.620247 7.600000 0.026843 -0.065048 -1
0 0.000000 29.256649 0.099999 0.028377 -0.088551 -1
0 9.516092 29.256649 0.099998 0.024362 -0.150055 -1
0 -25.724453 1.516300 6.600000 0.026392 -0.075521 -1
0 0.000000 -24.848125 6.350000 0.026662 0.261139 -1
0 -6.606335 15.669185 6.662500 0.012355 -0.043430 -1
0 -6.606335 16.738962 6.662499 0.011904 -0.050344 -1
0 7.320071 5.443650 3.849999 0.015242 0.018046 -1
0 -0.000000 20.859247 7.599999 0.007378 -0.034277 -1
0 7.320071 8.341942 3.849999 0.016465 -0.000686 -1
0 7.320071 16.041098 3.849999 0.019713 -0.050447 -1
0 7.069974 26.749052 3.850000 0.024336 -0.118039 -1
0 -7.723281 0.003359 4.662500 0.019436 0.050602 -1
0 0.000000 -12.229805 7.599999 0.021339 0.179585 -1
0 0.000000 -6.480210 7.600000 0.013299 0.142424 -1
0 0.000000 -23.000000 7.600000 0.006330 0.249195 -1
0 0.000000 -24.848125 6.350000 0.005550 0.261139 -1
0 0.000001 13.803562 7.599999 0.010355 0.011326 -1
0 0.000000 -12.229805 7.599999 0.010874 0.179585 -1
0 10.044998 -0.611588 7.100000 0.011537 0.039571 -1
0 7.723281 0.003359 4.662500 0.012776 0.050602 -1
0 0.000001 9.902566 7.599999 0.012001 0.036539 -1
0 -7.320071 6.222060 3.849999 0.016642 0.013015 -1
0 -30.639725 1.516300 0.100000 0.028466 -0.107290 -1
0 0.000001 2.770987 7.599999 0.015010 0.082631 -1
0 -7.108718 6.967924 4.787499 0.016238 0.009561 -1
0 -6.606335 5.143532 6.662500 0.016796 0.024599 -1
0 0.000001 9.902566 7.599999 0.020211 0.036539 -1
0 -6.939635 26.361715 4.787499 0.007985 -0.114692 -1
0 0.000000 -13.309277 7.599999 0.010418 0.186561 -1
0 0.000000 28.443705 1.974999 0.028034 -0.083297 -1
0 0.000000 -13.309277 7.599999 0.021794 0.186562 -1
0 0.000000 24.051661 7.599998 0.006031 -0.054910 -1
0 -0.000000 20.859247 7.599999 0.024834 -0.034277 -1
0 0.000000 24.051661 7.599998 0.026181 -0.054910 -1
100
-0.401600 -0.000000 0.915800
-0.000000 -0.000000 1.000000
-0.531800 0.030400 0.846300
-0.307000 0.758200 0.575200
-0.000000 0.867000 0.498400
-0.000000 0.883200 0.469100
-0.491700 -0.602500 0.628700
-0.000000 -0.372000 0.928200
-0.370800 -0.017400 0.928500
-0.965900 -0.000000 0.258800
0.505000 0.559600 0.657200
0.935400 -0.017100 0.353300
0.542700 -0.005900 0.839900
0.937700 -0.041800 0.344800
0.931000 -0.063400 0.359600
0.920700 -0.013700 0.390100
0.819300 0.164600 0.549200
0.449800 0.456900 0.767400
0.876900 0.005200 0.480600
0.558400 0.759000 0.334700
0.610000 0.783600 0.117300
-0.010200 0.865500 0.500800
-0.038700 0.021200 0.999000
0.559100 0.563400 0.608300
0.235400 0.159000 0.958800
0.810100 0.010000 0.586200
0.007600 0.869700 0.493600
0.558000 0.492700 0.667800
0.369200 -0.024100 0.929000
0.699800 -0.014900 0.714200
0.012300 0.157200 0.987500
-0.024500 0.550400 0.834600
-0.590800 0.468200 0.657100
0.491700 -0.602500 0.628700
0.267500 0.289400 0.919100
0.564000 0.528900 0.634200
-0.031100 0.150400 0.988100
-0.563800 0.528200 0.634900
-0.267500 0.289400 0.919100
0.273100 0.868600 0.413400
0.401300 0.547600 0.734300
-0.052600 0.553000 0.831500
-0.005300 0.034500 0.999400
-0.000000 -0.877800 0.479000
0.814100 0.009000 0.580600
0.038200 0.020900 0.999100
-0.273900 0.867900 0.414400
-0.255800 0.843700 0.472000
0.051200 0.552200 0.832100
0.255800 0.843900 0.471600
0.543000 0.006800 0.839700
-0.809600 -0.000000 0.587000
-0.808600 0.011500 0.588300
-0.000000 -0.865900 0.500300
0.700400 -0.000000 0.713800
-0.061000 0.176000 0.982500
0.243000 0.821300 0.516200
0.251600 0.638200 0.727600
-0.913200 -0.000000 0.407500
-0.447000 0.454100 0.770700
-0.966300 -0.004300 0.257400
-0.966500 -0.007000 0.256700
-0.926600 -0.000000 0.376000
0.124100 0.833200 0.538800
0.005300 0.034300 0.999400
-0.000000 0.917500 0.397800
-0.015800 0.856600 0.515700
-0.020100 0.540400 0.841200
0.016100 0.858000 0.513400
0.092200 0.851300 0.516500
0.328100 0.730700 0.598700
0.693900 -0.000000 0.720000
0.923200 0.008700 0.384100
0.931600 -0.060400 0.358400
-0.000000 0.554600 0.832100
-0.931700 0.071800 0.356100
-0.000000 0.876900 0.480700
0.601900 0.598900 0.528200
-0.700300 -0.005700 0.713800
-0.000000 -0.714800 0.699300
-0.757500 -0.000000 0.652900
-0.975500 -0.000000 0.219900
0.876900 -0.000000 0.480700
0.876100 0.003300 0.482100
0.877400 -0.004700 0.479800
0.581600 0.513300 0.631100
0.047500 0.867600 0.495000
-0.401400 0.547600 0.734200
-0.045800 0.867900 0.494600
-0.814100 0.009000 0.580600
-0.967100 -0.075600 0.242800
-0.922000 0.229900 0.311700
-0.921800 0.203900 0.329900
-0.921200 0.216400 0.323500
-0.923400 -0.034700 0.382200
-0.934800 -0.067200 0.348800
-0.966400 -0.007200 0.257100
-0.885500 0.132900 0.445200
-0.928300 0.192500 0.318200
-0.929300 0.195800 0.313300
250
0 0 1 2 0 1 2 1
0 3 4 5 3 4 5 1
0 6 7 8 6 7 8 1
0 9 10 11 9 9 9 1
0 12 13 14 10 11 12 1
0 1 15 2 1 1 2 1
0 16 17 18 13 14 15 1
0 19 20 21 16 17 18 1
0 22 23 24 1 1 1 1
0 25 26 27 1 1 1 1
0 28 29 30 19 20 21 1
0 31 32 33 1 1 22 1
0 34 19 21 23 16 18 1
0 35 36 37 1 1 24 1
0 38 39 40 25 26 27 1
0 41 42 40 28 29 27 1
0 43 44 45 30 31 32 1
0 46 42 41 33 29 28 1
0 47 48 43 34 35 30 1
0 49 50 51 36 37 38 1
0 52 53 54 1 1 1 1
0 55 56 57 39 40 41 1
0 33 58 31 22 42 1 1
0 38 59 60 25 43 44 1
0 36 61 62 1 1 45 1
0 63 64 65 46 47 48 1
0 48 47 66 35 34 49 1
0 67 26 68 1 1 1 1
0 67 69 70 1 1 1 1
0 24 71 72 1 50 1 1
0 28 73 74 51 51 51 1
0 45 44 30 32 31 21 1
0 65 37 62 48 24 45 1
0 75 76 77 52 43 53 1
0 78 79 80 1 54 1 1
0 46 81 38 33 53 25 1
0 6 75 77 6 52 53 1
0 37 36 62 24 1 45 1
0 82 33 32 55 22 1 1
0 83 25 27 1 1 1 1
0 84 34 85 56 23 57 1
0 5 29 28 58 58 58 1
0 86 79 87 1 1 1 1
0 70 52 54 1 1 1 1
0 88 32 89 1 1 1 1
0 90 91 92 9 9 9 1
0 93 20 94 1 17 1 1
0 15 95 2 1 59 2 1
0 96 86 87 1 1 1 1
0 97 87 18 1 1 1 1
0 97 22 98 1 1 1 1
0 83 82 88 1 55 1 1
0 99 78 100 1 1 1 1
0 99 37 14 1 24 12 1
0 64 39 85 47 26 57 1
0 101 11 73 60 60 60 1
0 102 103 92 61 61 61 1
0 95 104 105 59 62 62 1
0 57 82 103 41 55 63 1
0 106 62 61 64 45 1 1
0 5 107 108 5 65 65 1
0 109 75 30 66 52 21 1
0 50 110 39 37 67 26 1
0 38 111 39 25 68 26 1
0 112 113 61 1 1 1 1
0 113 41 49 1 28 36 1
0 114 41 115 1 28 1 1
0 8 116 117 8 1 1 1
0 8 118 43 8 1 30 1
0 119 120 34 69 70 23 1
0 71 23 17 50 71 14 1
0 87 79 121 72 54 73 1
0 118 122 31 1 1 1 1
0 123 124 95 1 74 59 1
0 2 104 125 2 62 75 1
0 54 126 0 1 1 1 1
0 93 72 71 1 1 50 1
0 95 127 3 59 76 3 1
0 128 129 20 76 74 17 1
0 129 94 20 74 1 17 1
0 20 120 119 17 70 69 1
0 119 128 20 69 76 17 1
0 130 34 131 65 23 77 1
0 0 126 1 0 1 1 1
0 3 127 4 3 76 4 1
0 8 132 6 8 78 6 1
0 6 133 7 6 79 7 1
0 134 54 0 80 80 80 1
0 134 0 135 80 80 80 1
0 11 101 9 9 9 9 1
0 101 134 135 9 9 9 1
0 125 74 10 81 81 81 1
0 74 11 10 81 81 81 1
0 101 135 9 9 9 9 1
0 79 14 121 54 12 73 1
0 14 37 12 12 24 10 1
0 121 14 13 73 12 11 1
0 12 136 13 10 82 11 1
0 1 137 15 1 1 1 1
0 17 23 18 14 71 15 1
0 18 87 138 15 72 83 1
0 138 139 18 83 84 15 1
0 139 16 18 84 13 15 1
0 140 20 19 85 17 16 1
0 20 71 21 17 50 18 1
0 22 18 23 1 1 1 1
0 25 68 26 1 1 1 1
0 109 30 29 66 21 20 1
0 30 66 28 21 49 19 1
0 66 141 28 49 86 19 1
0 141 103 28 86 63 19 1
0 31 142 32 1 1 1 1
0 12 85 136 10 57 82 1
0 85 34 139 57 23 84 1
0 136 85 138 82 57 83 1
0 34 140 19 23 85 16 1
0 21 139 34 18 84 23 1
0 139 138 85 84 83 57 1
0 35 143 36 1 1 1 1
0 40 42 38 27 29 25 1
0 39 110 40 26 67 27 1
0 110 49 40 67 36 27 1
0 49 41 40 36 28 27 1
0 132 8 45 78 8 32 1
0 8 43 45 8 30 32 1
0 41 144 46 28 7 33 1
0 144 145 46 7 79 33 1
0 44 43 48 31 30 35 1
0 43 31 47 30 1 34 1
0 31 58 47 1 42 34 1
0 106 61 51 64 1 38 1
0 61 49 51 1 36 38 1
0 49 110 50 36 67 37 1
0 52 146 53 1 1 1 1
0 57 103 141 41 63 86 1
0 57 141 66 41 86 49 1
0 47 58 56 34 42 40 1
0 58 57 56 42 41 40 1
0 57 66 55 41 49 39 1
0 33 57 58 22 41 42 1
0 38 81 59 25 53 43 1
0 36 147 61 1 1 1 1
0 106 51 148 64 38 87 1
0 106 148 65 64 87 48 1
0 148 63 65 87 46 48 1
0 149 12 65 88 10 48 1
0 64 149 65 47 88 48 1
0 55 66 47 39 49 34 1
0 66 30 48 49 21 35 1
0 55 47 56 39 34 40 1
0 30 44 48 21 31 35 1
0 67 70 26 1 1 1 1
0 67 150 69 1 1 1 1
0 24 23 71 1 71 50 1
0 125 3 5 51 51 51 1
0 5 28 74 51 51 51 1
0 28 103 151 51 51 51 1
0 28 151 73 51 51 51 1
0 74 125 5 51 51 51 1
0 30 75 45 21 52 32 1
0 75 132 45 52 78 32 1
0 65 12 37 48 10 24 1
0 75 152 76 52 89 43 1
0 78 14 79 1 12 54 1
0 38 42 46 25 29 33 1
0 46 145 81 33 79 53 1
0 77 133 6 53 79 6 1
0 6 132 75 6 78 52 1
0 83 153 25 1 1 1 1
0 84 131 34 56 77 23 1
0 5 108 29 58 58 58 1
0 86 80 79 1 1 1 1
0 70 69 52 1 1 1 1
0 88 82 32 1 55 1 1
0 154 73 151 81 81 81 1
0 151 102 154 81 81 81 1
0 102 92 91 9 9 9 1
0 92 155 90 9 9 9 1
0 155 27 26 80 80 80 1
0 90 155 26 80 80 80 1
0 91 154 102 9 9 9 1
0 93 71 20 1 50 17 1
0 15 123 95 1 1 59 1
0 96 156 86 1 1 1 1
0 97 96 87 1 1 1 1
0 97 18 22 1 1 1 1
0 83 27 82 1 1 55 1
0 99 14 78 1 12 1 1
0 99 35 37 1 1 24 1
0 39 111 84 26 68 56 1
0 85 12 149 57 10 88 1
0 39 84 85 26 56 57 1
0 149 64 85 88 47 57 1
0 26 70 90 80 80 80 1
0 70 54 134 80 80 80 1
0 70 134 101 90 90 90 1
0 91 90 70 91 91 91 1
0 73 154 70 92 92 92 1
0 154 91 70 93 93 93 1
0 11 74 73 81 81 81 1
0 70 101 73 94 94 94 1
0 82 27 155 80 80 80 1
0 82 155 103 95 95 95 1
0 155 92 103 96 96 96 1
0 151 103 102 81 81 81 1
0 95 3 104 59 3 62 1
0 3 157 104 3 62 62 1
0 57 33 82 41 22 55 1
0 106 65 62 64 48 45 1
0 5 4 107 5 4 65 1
0 109 152 75 66 89 52 1
0 39 64 50 26 47 37 1
0 64 63 51 47 46 38 1
0 50 64 51 37 47 38 1
0 63 148 51 46 87 38 1
0 38 60 111 25 44 68 1
0 113 49 61 1 36 1 1
0 61 147 112 1 1 1 1
0 147 158 112 1 1 1 1
0 113 115 41 1 1 28 1
0 114 144 41 1 7 28 1
0 8 7 116 8 7 1 1
0 8 117 118 8 1 1 1
0 120 140 34 70 85 23 1
0 34 159 119 23 4 69 1
0 159 128 119 4 76 69 1
0 139 21 16 84 18 13 1
0 21 71 17 18 50 14 1
0 16 21 17 13 18 14 1
0 136 138 13 82 83 11 1
0 138 87 121 83 72 73 1
0 13 138 121 11 83 73 1
0 160 142 122 1 1 1 1
0 142 31 122 1 1 1 1
0 31 43 118 1 30 1 1
0 123 161 124 1 1 74 1
0 2 95 105 2 59 62 1
0 2 105 104 2 62 62 1
0 135 0 2 97 0 2 1
0 10 9 2 98 99 2 1
0 9 135 2 99 97 2 1
0 3 125 157 3 75 62 1
0 125 10 2 75 98 2 1
0 157 125 104 62 75 62 1
0 54 53 126 1 1 1 1
0 93 162 72 1 1 1 1
0 95 124 127 59 74 76 1
0 129 163 94 74 1 1 1
0 20 140 120 17 85 70 1
0 130 159 34 65 4 23 1

Materials: 3
"19 - Default"
0.588235 0.588235 0.588235 1.000000
0.588235 0.588235 0.588235 1.000000
0.898039 0.898039 0.898039 1.000000
0.000000 0.000000 0.000000 1.000000
12.799999
1.000000
"textures\Tap Note 4th ani texture.ini"
""
"shells"
0.588235 0.588235 0.588235 1.000000
0.588235 0.588235 0.588235 1.000000
0.898039 0.898039 0.898039 1.000000
0.000000 0.000000 0.000000 1.000000
12.799999
1.000000
"textures\Tap Shell 4th ani texture.ini"
""
"shine"
0.588235 0.588235 0.588235 1.000000
0.588235 0.588235 0.588235 1.000000
0.898039 0.898039 0.898039 1.000000
0.000000 0.000000 0.000000 1.000000
12.799999
1.000000
"textures\Tap Shine 4th ani texture.ini"
""

Bones: 0
GroupComments: 0
MaterialComments: 0
BoneComments: 0
ModelComment: 0
