// MilkShape 3D ASCII

Frames: 30
Frame: 1

Meshes: 3
"stealthboi" 0 0
18
3 -26.456827 1.516296 4.051885 0.055759 0.498951 -1
3 0.000000 -25.097385 4.051885 0.055759 0.498951 -1
3 0.000000 -23.005941 6.844699 0.055759 0.498951 -1
3 -24.051661 1.516296 6.844697 0.055759 0.498951 -1
3 7.110926 -2.823456 4.051885 0.055759 0.498951 -1
3 7.110926 26.979689 4.051885 0.055759 0.498951 -1
3 5.751484 25.620243 6.844696 0.055759 0.498951 -1
3 5.751484 -6.169778 6.844697 0.055759 0.498951 -1
3 -19.189043 8.679513 4.051885 0.055759 0.498951 -1
3 -19.053478 6.692632 6.844697 0.055759 0.498951 -1
3 -5.751484 -6.169778 6.844697 0.055759 0.498951 -1
3 -7.110926 -2.823456 4.051885 0.055759 0.498951 -1
3 26.456827 1.516296 4.051885 0.055759 0.498951 -1
3 19.189043 8.679513 4.051885 0.055759 0.498951 -1
3 19.053097 6.692632 6.844697 0.055759 0.498951 -1
3 24.051661 1.516296 6.844697 0.055759 0.498951 -1
3 -7.110926 26.979689 4.051885 0.055759 0.498951 -1
3 -5.751484 25.620247 6.844696 0.055759 0.498951 -1
15
-0.779200 -0.001200 0.626800
-0.000000 -0.776900 0.629600
-0.779200 -0.000100 0.626800
0.252300 0.567400 0.783900
0.582400 0.582400 0.567000
0.236100 0.574200 0.783900
-0.016200 0.797800 0.602700
0.010100 0.798600 0.601800
-0.236100 0.574200 0.783900
-0.252300 0.567400 0.783900
0.779200 -0.001200 0.626800
0.016300 0.797800 0.602700
-0.010200 0.798600 0.601700
0.779200 -0.000100 0.626800
-0.582400 0.582400 0.567000
18
3 0 1 2 0 1 1 1
3 0 2 3 0 1 2 1
3 4 5 6 3 4 4 1
3 4 6 7 3 4 5 1
3 8 9 10 6 7 8 1
3 8 10 11 6 8 9 1
3 8 0 3 6 0 2 1
3 8 3 9 6 2 7 1
3 12 13 14 10 11 12 1
3 12 14 15 10 12 13 1
3 13 4 7 11 3 5 1
3 13 7 14 11 5 12 1
3 1 12 15 1 10 13 1
3 1 15 2 1 13 1 1
3 16 11 10 14 9 8 1
3 16 10 17 14 8 14 1
3 5 16 17 4 14 14 1
3 5 17 6 4 14 4 1
"shellboi" 0 1
102
0 20.264883 13.016655 0.000000 0.007866 -0.081921 -1
0 19.429560 12.582733 -0.000001 0.007803 -0.073861 -1
0 31.216881 1.516300 -0.000000 0.011379 -0.078438 -1
0 18.457245 13.016655 -0.000000 0.007583 -0.070443 -1
0 9.700976 3.494900 -0.000000 0.007703 0.045609 -1
0 19.429560 13.466315 0.000000 0.007665 -0.079471 -1
0 -18.457245 13.016655 -0.000000 0.008246 -0.070443 -1
0 -19.429560 13.466315 0.000000 0.008164 -0.079471 -1
0 -9.700976 3.494900 -0.000000 0.008126 0.045609 -1
0 10.482342 30.216208 -0.000000 0.003644 -0.129013 -1
0 9.700973 29.444395 -0.000002 0.003642 -0.119151 -1
0 10.482342 5.675669 0.000000 0.007484 0.026801 -1
0 0.000000 30.216208 -0.000000 0.002003 -0.062458 -1
0 -0.000002 29.444395 -0.000001 0.002124 -0.057557 -1
0 -10.482342 5.675669 0.000000 0.008345 0.026801 -1
0 -9.700976 29.444395 0.000000 0.012187 -0.119151 -1
0 -19.429560 12.582734 -0.000001 0.008026 -0.073861 -1
0 0.000000 -29.488821 0.000000 0.011346 0.316625 -1
0 0.000000 -30.326008 0.000000 0.011477 0.321940 -1
0 1.839303 -29.237999 -0.000001 0.011595 0.303354 -1
0 32.417458 1.516300 0.000000 0.011567 -0.086061 -1
0 0.000000 25.620247 7.499998 0.045490 -0.033277 -1
0 0.000000 26.637129 5.000000 0.045592 -0.039733 -1
0 -6.795033 26.637129 5.000000 0.044909 -0.082877 -1
0 -5.751484 25.620247 7.499998 0.044911 -0.069794 -1
0 -10.482342 30.216208 -0.000000 0.012185 -0.129013 -1
0 -32.417458 1.516300 -0.000000 0.004262 -0.086061 -1
0 -1.839305 -29.237999 -0.000001 0.004235 0.303354 -1
0 -31.216881 1.516300 -0.000000 0.004450 -0.078438 -1
0 0.000000 -30.326008 0.000000 0.004352 0.321940 -1
0 0.000000 -29.488821 0.000000 0.004483 0.316625 -1
0 -20.264883 13.016655 0.000000 0.007963 -0.081920 -1
0 0.000000 -27.687885 1.800000 0.029253 0.305190 -1
0 0.000000 -24.790747 5.000000 0.029599 0.286795 -1
0 -25.849651 1.497965 5.000000 0.029652 -0.044244 -1
0 -29.457382 1.503626 1.800000 0.029221 -0.067186 -1
0 25.849649 1.498015 5.000000 0.033664 -0.044244 -1
0 0.000000 -24.790747 5.000000 0.033717 0.286796 -1
0 0.000000 -27.687885 1.800000 0.034063 0.305190 -1
0 29.457359 1.503608 1.800000 0.034095 -0.067186 -1
0 8.657418 28.427515 1.800000 0.028393 -0.106070 -1
0 0.000001 28.427515 1.800000 0.027358 -0.051101 -1
0 0.000000 26.637129 5.000000 0.027572 -0.039733 -1
0 6.795033 26.637129 5.000000 0.028384 -0.082877 -1
0 -6.795033 -3.829219 5.000000 0.031292 0.110562 -1
0 -8.657416 1.122438 1.800000 0.031661 0.067298 -1
0 -19.356298 10.837748 1.800000 0.031544 -0.062317 -1
0 -19.137638 8.386195 5.000000 0.031277 -0.045363 -1
0 -8.657416 28.427515 1.800000 0.034923 -0.106069 -1
0 -6.795033 26.637129 5.000000 0.034932 -0.082877 -1
0 6.795033 -3.829266 5.000000 0.032024 0.110562 -1
0 8.657416 1.122476 1.800000 0.031655 0.067297 -1
0 19.137255 8.386197 5.000000 0.032039 -0.045360 -1
0 19.356256 10.837760 1.800000 0.031773 -0.062316 -1
0 -8.657416 28.427515 1.800000 0.022719 -0.106069 -1
0 0.000001 28.427515 1.800000 0.023501 -0.051100 -1
0 -0.000002 29.444395 -0.000001 0.023592 -0.057557 -1
0 -9.700976 29.444395 0.000000 0.022717 -0.119151 -1
0 29.457359 1.503608 1.800000 0.022093 -0.067186 -1
0 0.000000 -27.687885 1.800000 0.022069 0.305190 -1
0 0.000000 -29.488821 0.000000 0.022232 0.316625 -1
0 31.216881 1.516300 -0.000000 0.022251 -0.078438 -1
0 0.000000 -24.790747 5.000000 0.043886 0.286796 -1
0 25.849649 1.498015 5.000000 0.043842 -0.044244 -1
0 24.051661 1.516300 7.500000 0.043660 -0.032945 -1
0 0.000000 -23.005936 7.500001 0.043707 0.275463 -1
0 19.356256 10.837760 1.800000 0.020339 -0.062316 -1
0 19.429560 12.582733 -0.000001 0.020188 -0.073861 -1
0 19.137255 8.386197 5.000000 0.042475 -0.045360 -1
0 19.053097 6.692636 7.500000 0.042637 -0.034073 -1
0 8.657416 1.122476 1.800000 0.020250 0.067297 -1
0 9.700976 3.494900 -0.000000 0.020130 0.045609 -1
0 6.795033 26.637129 5.000000 0.039400 -0.082877 -1
0 0.000000 26.637129 5.000000 0.038716 -0.039733 -1
0 0.000000 25.620247 7.499998 0.038819 -0.033277 -1
0 5.751484 25.620247 7.499998 0.039397 -0.069794 -1
0 -19.356298 10.837748 1.800000 0.020166 -0.062317 -1
0 -8.657416 1.122438 1.800000 0.020255 0.067298 -1
0 -9.700976 3.494900 -0.000000 0.020375 0.045609 -1
0 -19.429560 12.582733 -0.000001 0.020317 -0.073861 -1
0 -19.137638 8.386195 5.000000 0.041833 -0.045363 -1
0 -25.849651 1.497965 5.000000 0.040466 -0.044244 -1
0 -24.051661 1.516300 7.500000 0.040649 -0.032945 -1
0 -19.053478 6.692636 7.499999 0.041671 -0.034075 -1
0 0.000000 -24.790747 5.000000 0.040422 0.286795 -1
0 0.000000 -23.005936 7.500001 0.040601 0.275463 -1
0 -29.457382 1.503626 1.800000 0.018412 -0.067186 -1
0 -31.216881 1.516300 -0.000000 0.018254 -0.078438 -1
0 0.000000 -27.687885 1.800000 0.018436 0.305190 -1
0 0.000000 -29.488821 0.000000 0.018273 0.316625 -1
0 -6.795033 -3.829219 5.000000 0.041846 0.110562 -1
0 -5.751484 -6.169774 7.500000 0.041716 0.132049 -1
0 8.657418 28.427515 1.800000 0.017786 -0.106070 -1
0 9.700973 29.444395 -0.000002 0.017788 -0.119151 -1
0 6.795033 -3.829266 5.000000 0.042462 0.110562 -1
0 5.751484 -6.169774 7.500000 0.042593 0.132049 -1
0 0.000000 26.637129 5.000000 0.035744 -0.039733 -1
0 0.000001 28.427515 1.800000 0.035958 -0.051100 -1
0 -0.000002 29.444395 -0.000001 0.016913 -0.057557 -1
0 0.000001 28.427515 1.800000 0.017004 -0.051101 -1
0 0.000000 30.216208 -0.000000 0.013826 -0.062457 -1
0 -0.000002 29.444395 -0.000001 0.013705 -0.057557 -1
41
-0.000000 -0.000000 1.000000
0.001700 0.215800 0.976400
0.192900 0.002000 0.981200
0.187300 0.402500 0.896100
-0.187400 0.402500 0.896100
0.159000 0.158100 0.974500
-0.000000 0.495400 0.868700
-0.159000 0.158100 0.974500
-0.000000 -0.199800 0.979800
-0.000000 0.926300 0.376800
-0.000000 0.901200 0.433500
-0.571200 0.576700 0.584000
-0.608400 0.613500 0.503500
-0.192900 0.002000 0.981200
-0.000000 -0.709300 0.704900
-0.000000 -0.740600 0.672000
-0.746100 0.005400 0.665800
-0.703900 0.009300 0.710200
0.746100 0.005400 0.665800
0.703900 0.009300 0.710200
0.548500 0.551200 0.628800
-0.000000 0.871700 0.490100
0.571200 0.576700 0.584000
-0.242000 0.601200 0.761600
-0.237800 0.497500 0.834200
0.004500 0.740500 0.672000
0.010800 0.778100 0.628000
-0.548500 0.551200 0.628800
0.242000 0.601200 0.761600
0.237800 0.497500 0.834200
-0.010800 0.778100 0.628000
-0.004500 0.740500 0.672000
0.816300 -0.000400 0.577700
-0.000000 -0.808900 0.587900
-0.007400 0.837600 0.546300
0.608400 0.613500 0.503500
-0.005800 0.739400 0.673300
-0.816300 -0.000400 0.577700
0.007400 0.837600 0.546300
-0.275300 0.621800 0.733200
0.275300 0.621800 0.733200
86
0 0 1 2 0 1 2 1
0 3 4 5 0 3 0 1
0 6 7 8 0 0 4 1
0 9 10 11 0 5 0 1
0 12 13 10 0 6 5 1
0 14 8 15 0 4 7 1
0 14 6 8 0 0 4 1
0 7 16 8 0 0 4 1
0 17 18 19 8 0 0 1
0 20 2 19 0 2 0 1
0 4 1 5 3 1 0 1
0 10 4 11 5 3 0 1
0 21 22 23 9 10 11 1
0 21 23 24 9 11 12 1
0 25 14 15 0 0 7 1
0 26 27 28 0 0 13 1
0 19 2 17 0 2 8 1
0 29 30 27 0 8 0 1
0 27 30 28 0 8 13 1
0 7 31 16 0 0 0 1
0 31 26 28 0 0 13 1
0 3 11 4 0 0 3 1
0 32 33 34 14 15 16 1
0 32 34 35 14 16 17 1
0 36 37 38 18 15 14 1
0 36 38 39 18 14 19 1
0 40 41 42 20 21 10 1
0 40 42 43 20 10 22 1
0 44 45 46 23 24 25 1
0 44 46 47 23 25 26 1
0 48 45 44 27 24 23 1
0 48 44 49 27 23 11 1
0 50 51 40 28 29 20 1
0 50 40 43 28 20 22 1
0 51 50 52 29 28 30 1
0 51 52 53 29 30 31 1
0 35 34 47 17 16 26 1
0 35 47 46 17 26 25 1
0 53 52 36 31 30 18 1
0 53 36 39 31 18 19 1
0 54 55 56 27 21 6 1
0 54 56 57 27 6 7 1
0 58 59 60 19 14 8 1
0 58 60 61 19 8 2 1
0 62 63 64 15 18 32 1
0 62 64 65 15 32 33 1
0 66 58 61 31 19 2 1
0 66 61 67 31 2 1 1
0 63 68 69 18 30 34 1
0 63 69 64 18 34 32 1
0 70 66 67 29 31 1 1
0 70 67 71 29 1 3 1
0 72 73 74 22 10 9 1
0 72 74 75 22 9 35 1
0 76 77 78 25 24 4 1
0 76 78 79 25 4 36 1
0 80 81 82 26 16 37 1
0 80 82 83 26 37 38 1
0 81 84 85 16 15 33 1
0 81 85 82 16 33 37 1
0 86 76 79 17 25 36 1
0 86 79 87 17 36 13 1
0 88 86 87 14 17 13 1
0 88 87 89 14 13 8 1
0 90 80 83 23 26 38 1
0 90 83 91 23 38 39 1
0 92 70 71 20 29 3 1
0 92 71 93 20 3 5 1
0 23 90 91 11 23 39 1
0 23 91 24 11 39 12 1
0 68 94 95 30 28 40 1
0 68 95 69 30 40 34 1
0 94 72 75 28 22 35 1
0 94 75 95 28 35 40 1
0 77 54 57 24 27 7 1
0 77 57 78 24 7 4 1
0 2 20 0 2 0 0 1
0 0 5 1 0 0 1 1
0 31 28 16 0 13 0 1
0 12 10 9 0 5 0 1
0 96 97 48 10 21 27 1
0 96 48 49 10 27 11 1
0 98 99 92 6 21 20 1
0 98 92 93 6 20 5 1
0 100 15 101 0 7 6 1
0 100 25 15 0 0 7 1
"scrollerboi" 0 0
12
0 0.000000 -23.000000 7.500002 0.551018 0.908796 -1
0 5.751484 -6.169774 7.500000 0.546875 0.643631 -1
0 0.000000 25.620199 7.499998 0.534100 0.327417 -1
0 24.051661 1.516300 7.500000 0.551018 0.356369 -1
0 19.053097 6.692636 7.500000 0.546875 0.356369 -1
0 -5.751484 -6.169774 7.500000 0.546875 0.643631 -1
0 -19.053478 6.692636 7.499999 0.546875 0.356369 -1
0 -24.051661 1.516300 7.500000 0.542731 0.356369 -1
0 0.000000 -23.000000 7.500002 0.542731 0.908796 -1
0 0.000000 25.620199 7.499998 0.559649 0.327417 -1
0 -5.751484 25.620247 7.499998 0.557578 0.261126 -1
0 5.751484 25.620199 7.499998 0.536171 0.261126 -1
6
-0.001900 0.001800 1.000000
-0.000000 -0.000000 1.000000
-0.006600 0.000800 1.000000
-0.002100 0.001900 1.000000
0.000400 0.000900 1.000000
-0.008000 0.000900 1.000000
8
0 0 1 2 0 1 2 1
0 1 0 3 1 0 1 1
0 4 1 3 1 1 1 1
0 5 6 7 3 1 4 1
0 5 7 8 3 4 0 1
0 5 8 9 3 0 2 1
0 10 5 9 1 3 2 1
0 1 11 2 1 5 2 1

Materials: 2
"19 - Default"
0.588235 0.588235 0.588235 1.000000
0.588235 0.588235 0.588235 1.000000
0.898039 0.898039 0.898039 1.000000
0.000000 0.000000 0.000000 1.000000
12.799999
1.000000
"textures\Tap Note 4th ani texture.ini"
""
"shells"
0.588235 0.588235 0.588235 1.000000
0.588235 0.588235 0.588235 1.000000
0.898039 0.898039 0.898039 1.000000
0.000000 0.000000 0.000000 1.000000
12.799999
1.000000
"textures\Tap Shine 4th ani texture.ini"
""

Bones: 0
GroupComments: 0
MaterialComments: 0
BoneComments: 0
ModelComment: 0
