// MilkShape 3D ASCII

Frames: 30
Frame: 1

Meshes: 3
"center" 0 1
9
0 0.000000 -0.000000 -1.000000 0.500000 0.094201 -1
0 -16.000000 -0.000000 -1.000000 0.000000 0.094201 -1
0 -11.310000 -11.310000 -0.999999 0.000000 0.094201 -1
0 0.000000 -16.000000 -0.999999 0.000000 0.094201 -1
0 11.310000 -11.310000 -0.999999 0.000000 0.094201 -1
0 16.000000 -0.000000 -1.000000 0.000000 0.094201 -1
0 11.310000 11.310000 -1.000001 0.000000 0.094201 -1
0 0.000000 16.000000 -1.000001 0.000000 0.094201 -1
0 -11.310000 11.310000 -1.000001 0.000000 0.094201 -1
1
-0.000000 -0.000000 1.000000
8
0 0 1 2 0 0 0 1
0 0 2 3 0 0 0 1
0 0 3 4 0 0 0 1
0 0 4 5 0 0 0 1
0 0 5 6 0 0 0 1
0 0 6 7 0 0 0 1
0 0 7 8 0 0 0 1
0 0 8 1 0 0 0 1
"outer" 0 0
240
0 12.981725 13.019911 5.359423 0.499850 0.034441 -1
0 7.140451 12.045012 0.192855 0.409358 0.035301 -1
0 9.893799 9.904332 0.193554 0.497290 0.035175 -1
0 3.707818 13.504477 0.192924 0.318945 0.035699 -1
0 9.289092 15.875584 5.358469 0.390642 0.034593 -1
0 4.801561 17.762947 5.358119 0.282759 0.035079 -1
0 -9.333337 15.874474 5.359519 0.079955 0.037979 -1
0 -13.026651 13.019826 5.359423 0.066190 0.039186 -1
0 -9.897448 9.906406 0.190770 0.133518 0.039196 -1
0 -12.038328 7.152279 0.190359 0.145150 0.040154 -1
0 -13.497582 3.718843 0.190892 0.181668 0.041138 -1
0 -15.882323 9.327192 5.358471 0.079945 0.040356 -1
0 -17.769688 4.839661 5.358121 0.124547 0.041531 -1
0 -15.881217 -9.295237 5.359524 0.390830 0.043739 -1
0 -13.026560 -12.988550 5.359427 0.501749 0.043889 -1
0 -9.896734 -9.886429 0.191538 0.502897 0.043157 -1
0 -7.142402 -12.026533 0.191798 0.590846 0.043029 -1
0 -3.709181 -13.484982 0.192928 0.681243 0.042632 -1
0 -9.333932 -15.844225 5.358475 0.609170 0.043740 -1
0 -4.846401 -17.731588 5.358124 0.717076 0.043254 -1
0 9.288499 -15.843115 5.359525 0.919950 0.040354 -1
0 12.981812 -12.988465 5.359426 0.933757 0.039146 -1
0 9.893308 -9.884125 0.194323 0.866552 0.039135 -1
0 11.986711 -7.207177 0.184985 0.855721 0.038201 -1
0 13.685463 -3.814358 0.263601 0.819535 0.037190 -1
0 15.837481 -9.295832 5.358474 0.919977 0.037975 -1
0 17.724846 -4.808300 5.358122 0.875500 0.036803 -1
0 -12.036361 -7.131699 0.192365 0.409528 0.043029 -1
0 -13.495937 -3.698812 0.192432 0.321250 0.042651 -1
0 -17.768681 -4.807961 5.359004 0.284398 0.043267 -1
0 12.032274 7.149583 0.195208 0.588059 0.035291 -1
0 15.836374 9.326597 5.359520 0.607281 0.034591 -1
0 -7.142143 12.045467 0.192321 0.145228 0.038179 -1
0 -3.709029 13.504245 0.193138 0.179977 0.037218 -1
0 -4.846060 17.761940 5.359000 0.123313 0.036820 -1
0 -0.022384 18.406342 5.358562 0.191928 0.035842 -1
0 -0.000629 14.004718 0.192976 0.241055 0.036346 -1
0 13.490817 3.717270 0.195933 0.678867 0.035681 -1
0 17.723841 4.839321 5.359003 0.715488 0.035065 -1
0 -18.413082 0.015717 5.358566 0.194648 0.042520 -1
0 -13.997231 0.009800 0.191556 0.241116 0.041986 -1
0 7.139138 -12.023167 0.195251 0.854846 0.040151 -1
0 3.707052 -13.482516 0.195224 0.820169 0.041112 -1
0 4.801222 -17.730585 5.359006 0.876558 0.041514 -1
0 -0.022455 -18.374981 5.358568 0.807935 0.042491 -1
0 -0.000737 -13.984025 0.194060 0.759099 0.041984 -1
0 18.368242 0.015644 5.358566 0.805259 0.035812 -1
0 13.949925 0.098006 0.222049 0.756985 0.036329 -1
0 -24.481756 -6.618927 1.222517 0.258818 0.021565 -1
0 -20.233110 0.009519 7.021670 0.164798 0.020516 -1
0 -25.362791 0.009424 1.222168 0.155085 0.020657 -1
0 25.362873 0.009481 1.222155 0.838743 0.013227 -1
0 20.233110 0.009519 7.021670 0.829028 0.013367 -1
0 19.524710 -5.297505 7.021670 0.901429 0.014462 -1
0 6.628428 -24.472340 1.222505 0.911618 0.019596 -1
0 0.000001 -20.223591 7.021672 0.817544 0.020644 -1
0 0.000081 -25.353371 1.222157 0.830184 0.020753 -1
0 17.934158 -17.924717 1.221222 0.975098 0.016942 -1
0 10.240273 -17.440859 7.021672 0.942425 0.018240 -1
0 12.799503 -21.887325 1.222105 0.957115 0.018358 -1
0 12.799047 21.905407 1.221297 0.381559 0.011777 -1
0 10.240268 17.459896 7.021667 0.380542 0.011975 -1
0 14.306969 14.316490 7.021668 0.496965 0.011809 -1
0 24.481848 6.637828 1.222506 0.735009 0.012319 -1
0 6.628171 24.490511 1.221837 0.258904 0.012318 -1
0 -19.524710 5.316544 7.021668 0.092398 0.019422 -1
0 -24.481007 6.637574 1.221842 0.082186 0.019595 -1
0 -6.628331 24.491272 1.222517 0.082209 0.014288 -1
0 -0.000000 20.242628 7.021667 0.176283 0.013239 -1
0 0.000022 25.372295 1.222166 0.163644 0.013131 -1
0 -17.934071 17.943642 1.221237 0.019502 0.016875 -1
0 -14.306971 14.316488 7.021668 0.035401 0.016851 -1
0 -10.240271 17.459894 7.021667 0.051402 0.015643 -1
0 -21.895908 12.808454 1.221304 0.034391 0.018294 -1
0 5.307024 19.534227 7.021667 0.274468 0.012432 -1
0 -5.307025 19.534225 7.021667 0.097403 0.014389 -1
0 -12.799409 21.906256 1.222118 0.036712 0.015526 -1
0 24.481089 -6.618665 1.221828 0.913940 0.014351 -1
0 17.450377 -10.230748 7.021672 0.942409 0.015645 -1
0 17.934231 17.943573 1.221227 0.496956 0.011611 -1
0 17.450377 10.249790 7.021668 0.621499 0.011987 -1
0 21.896837 12.808906 1.222108 0.623941 0.011811 -1
0 19.524708 5.316545 7.021668 0.725909 0.012488 -1
0 14.306972 -14.297448 7.021672 0.958426 0.017033 -1
0 21.895990 -12.789535 1.221288 0.959436 0.015589 -1
0 -5.307023 -19.515192 7.021672 0.719359 0.021451 -1
0 -6.628065 -24.471588 1.221832 0.729305 0.021591 -1
0 5.307027 -19.515192 7.021672 0.896424 0.019495 -1
0 -17.969519 -17.879932 1.221837 0.495859 0.022272 -1
0 -17.450375 -10.230753 7.021672 0.380428 0.021909 -1
0 -21.896740 -12.790004 1.222115 0.369887 0.022072 -1
0 -19.524708 -5.297507 7.021670 0.267917 0.021396 -1
0 -14.306964 -14.297452 7.021672 0.488751 0.022087 -1
0 -12.797851 -21.888340 1.222416 0.618267 0.022098 -1
0 -10.240267 -17.440861 7.021672 0.613284 0.021908 -1
0 -17.450377 10.249787 7.021668 0.051418 0.018239 -1
0 4.801561 17.762947 5.358119 0.609627 0.026720 -1
0 9.289092 15.875584 5.358469 0.707975 0.026720 -1
0 10.240268 17.459896 7.021667 0.724525 0.026720 -1
0 5.307024 19.534227 7.021667 0.618242 0.026720 -1
0 -13.026651 13.019826 5.359423 0.218909 0.026720 -1
0 -9.333337 15.874474 5.359519 0.299851 0.026720 -1
0 -10.240271 17.459894 7.021667 0.283288 0.026720 -1
0 -14.306971 14.316488 7.021668 0.195674 0.026720 -1
0 -17.769688 4.839661 5.358121 0.114962 0.026720 -1
0 -15.882323 9.327192 5.358471 0.156325 0.026720 -1
0 -17.450377 10.249787 7.021668 0.127952 0.026720 -1
0 -19.524710 5.316544 7.021668 0.083262 0.026720 -1
0 -13.026560 -12.988550 5.359427 0.218911 0.026720 -1
0 -15.881217 -9.295237 5.359524 0.156349 0.026720 -1
0 -17.450375 -10.230753 7.021672 0.127952 0.026720 -1
0 -14.306964 -14.297452 7.021672 0.195674 0.026720 -1
0 -4.846401 -17.731588 5.358124 0.398185 0.026720 -1
0 -9.333932 -15.844225 5.358475 0.299838 0.026720 -1
0 -10.240267 -17.440861 7.021672 0.283288 0.026720 -1
0 -5.307023 -19.515192 7.021672 0.389571 0.026720 -1
0 12.981812 -12.988465 5.359426 0.788903 0.026720 -1
0 9.288499 -15.843115 5.359525 0.707962 0.026720 -1
0 10.240273 -17.440859 7.021672 0.724525 0.026720 -1
0 14.306972 -14.297448 7.021672 0.812139 0.026720 -1
0 17.724846 -4.808300 5.358122 0.892851 0.026720 -1
0 15.837481 -9.295832 5.358474 0.851488 0.026720 -1
0 17.450377 -10.230748 7.021672 0.879861 0.026720 -1
0 19.524710 -5.297505 7.021670 0.924551 0.026720 -1
0 12.981725 13.019911 5.359423 0.788902 0.026720 -1
0 14.306969 14.316490 7.021668 0.812139 0.026720 -1
0 -0.022384 18.406342 5.358562 0.503907 0.026720 -1
0 -0.000000 20.242628 7.021667 0.503906 0.026720 -1
0 -4.846060 17.761940 5.359000 0.398193 0.026720 -1
0 -5.307025 19.534225 7.021667 0.389571 0.026720 -1
0 -18.413082 0.015717 5.358566 0.100862 0.026720 -1
0 -20.233110 0.009519 7.021670 0.068000 0.026720 -1
0 -17.768681 -4.807961 5.359004 0.114984 0.026720 -1
0 -19.524708 -5.297507 7.021670 0.083262 0.026720 -1
0 -0.022455 -18.374981 5.358568 0.503905 0.026720 -1
0 0.000001 -20.223591 7.021672 0.503906 0.026720 -1
0 4.801222 -17.730585 5.359006 0.609620 0.026720 -1
0 5.307027 -19.515192 7.021672 0.618242 0.026720 -1
0 18.368242 0.015644 5.358566 0.906951 0.026720 -1
0 20.233110 0.009519 7.021670 0.939813 0.026720 -1
0 15.836374 9.326597 5.359520 0.851463 0.026720 -1
0 17.723841 4.839321 5.359003 0.892828 0.026720 -1
0 19.524708 5.316545 7.021668 0.924551 0.026720 -1
0 17.450377 10.249790 7.021668 0.879861 0.026720 -1
0 9.893799 9.904332 0.193554 0.505102 0.049664 -1
0 7.140451 12.045012 0.192855 0.417170 0.049664 -1
0 6.327036 10.663964 -0.944002 0.421819 0.049664 -1
0 8.762093 8.771614 -0.944002 0.507847 0.049664 -1
0 -9.897448 9.906406 0.190770 0.141330 0.049664 -1
0 -12.038328 7.152279 0.190359 0.152963 0.049664 -1
0 -10.654445 6.336555 -0.944000 0.171234 0.049664 -1
0 -8.762095 8.771611 -0.944002 0.160493 0.049664 -1
0 -9.896734 -9.886429 0.191538 0.510710 0.049664 -1
0 -7.142402 -12.026533 0.191798 0.598659 0.049664 -1
0 -6.327034 -10.644927 -0.943998 0.593806 0.049664 -1
0 -8.762090 -8.752579 -0.943998 0.507777 0.049664 -1
0 9.893308 -9.884125 0.194323 0.874365 0.049664 -1
0 11.986711 -7.207177 0.184985 0.863534 0.049664 -1
0 10.654446 -6.317519 -0.943999 0.844391 0.049664 -1
0 8.762096 -8.752574 -0.943998 0.855131 0.049664 -1
0 -13.495937 -3.698812 0.192432 0.329062 0.049664 -1
0 -12.036361 -7.131699 0.192365 0.417341 0.049664 -1
0 -10.654442 -6.317523 -0.943999 0.421921 0.049664 -1
0 -11.948475 -3.274157 -0.943999 0.336005 0.049664 -1
0 12.032274 7.149583 0.195208 0.595871 0.049664 -1
0 10.654443 6.336556 -0.944000 0.593788 0.049664 -1
0 -3.709029 13.504245 0.193138 0.187790 0.049664 -1
0 -7.142143 12.045467 0.192321 0.153040 0.049664 -1
0 -6.327039 10.663961 -0.944002 0.171261 0.049664 -1
0 -3.283673 11.957995 -0.944002 0.205901 0.049664 -1
0 3.707818 13.504477 0.192924 0.326758 0.049664 -1
0 3.283672 11.957995 -0.944002 0.335999 0.049664 -1
0 -0.000629 14.004718 0.192976 0.248867 0.049664 -1
0 0.000001 12.400990 -0.944002 0.262148 0.049664 -1
0 13.490817 3.717270 0.195933 0.686680 0.049664 -1
0 11.948477 3.293190 -0.944000 0.679620 0.049664 -1
0 -13.497582 3.718843 0.190892 0.189481 0.049664 -1
0 -11.948475 3.293190 -0.944000 0.205880 0.049664 -1
0 -13.997231 0.009800 0.191556 0.248929 0.049664 -1
0 -12.391472 0.009520 -0.944000 0.262214 0.049664 -1
0 3.707052 -13.482516 0.195224 0.827982 0.049664 -1
0 7.139138 -12.023167 0.195251 0.862658 0.049664 -1
0 6.327041 -10.644923 -0.943998 0.844364 0.049664 -1
0 3.283673 -11.938958 -0.943998 0.809724 0.049664 -1
0 -3.709181 -13.484982 0.192928 0.689055 0.049664 -1
0 -3.283673 -11.938957 -0.943998 0.679626 0.049664 -1
0 -0.000737 -13.984025 0.194060 0.766912 0.049664 -1
0 -0.000004 -12.381953 -0.943998 0.753476 0.049664 -1
0 13.685463 -3.814358 0.263601 0.827347 0.049664 -1
0 12.132880 -3.312712 -0.943999 0.809745 0.049664 -1
0 13.949925 0.098006 0.222049 0.764797 0.049664 -1
0 12.391472 0.009515 -0.944000 0.753411 0.049664 -1
0 -24.481756 -6.618927 1.222517 0.286269 0.002781 -1
0 -25.362791 0.009424 1.222168 0.192793 0.002781 -1
0 -27.233829 0.009450 -0.944000 0.189517 0.002781 -1
0 -26.287382 -7.107772 -0.943998 0.281691 0.002781 -1
0 6.628428 -24.472340 1.222505 0.874515 0.002781 -1
0 0.000081 -25.353371 1.222157 0.801134 0.002781 -1
0 0.000054 -27.224426 -0.943996 0.812122 0.002781 -1
0 7.117277 -26.277981 -0.943996 0.882659 0.002781 -1
0 17.934158 -17.924717 1.221222 0.931718 0.002781 -1
0 12.799503 -21.887325 1.222105 0.915513 0.002781 -1
0 13.740114 -23.504263 -0.943996 0.926657 0.002781 -1
0 19.257313 -19.247807 -0.943996 0.941068 0.002781 -1
0 24.481848 6.637828 1.222506 0.715371 0.002781 -1
0 25.362873 0.009481 1.222155 0.808847 0.002781 -1
0 27.233927 0.009454 -0.944000 0.812122 0.002781 -1
0 26.287483 7.126675 -0.944002 0.719949 0.002781 -1
0 6.628171 24.490511 1.221837 0.286346 0.002781 -1
0 12.799047 21.905407 1.221297 0.396873 0.002781 -1
0 13.740107 23.523174 -0.944004 0.389100 0.002781 -1
0 7.117272 26.296890 -0.944004 0.281690 0.002781 -1
0 -6.628331 24.491272 1.222517 0.127124 0.002781 -1
0 0.000022 25.372295 1.222166 0.200506 0.002781 -1
0 0.000049 27.243332 -0.944004 0.189517 0.002781 -1
0 -7.117174 26.296890 -0.944004 0.118981 0.002781 -1
0 -21.895908 12.808454 1.221304 0.084035 0.002781 -1
0 -17.934071 17.943642 1.221237 0.070618 0.002781 -1
0 -19.257208 19.266712 -0.944004 0.060571 0.002781 -1
0 -23.513670 13.749510 -0.944002 0.074983 0.002781 -1
0 17.934231 17.943573 1.221227 0.500858 0.002781 -1
0 21.896837 12.808906 1.222108 0.615286 0.002781 -1
0 23.513765 13.749510 -0.944002 0.612540 0.002781 -1
0 19.257309 19.266716 -0.944004 0.500819 0.002781 -1
0 21.895990 -12.789535 1.221288 0.917605 0.002781 -1
0 23.513771 -13.730603 -0.943998 0.926657 0.002781 -1
0 -6.628065 -24.471588 1.221832 0.710231 0.002781 -1
0 -7.117169 -26.277983 -0.943996 0.719949 0.002781 -1
0 -17.969519 -17.879932 1.221837 0.499870 0.002781 -1
0 -21.896740 -12.790004 1.222115 0.386355 0.002781 -1
0 -23.513666 -13.730608 -0.943998 0.389100 0.002781 -1
0 -19.293415 -19.200884 -0.943996 0.499870 0.002781 -1
0 -12.797851 -21.888340 1.222416 0.610173 0.002781 -1
0 -13.740003 -23.504267 -0.943996 0.612540 0.002781 -1
0 -24.481007 6.637574 1.221842 0.127104 0.002781 -1
0 -26.287384 7.126674 -0.944002 0.118981 0.002781 -1
0 24.481089 -6.618665 1.221828 0.876607 0.002781 -1
0 26.287485 -7.107770 -0.943998 0.882658 0.002781 -1
0 -12.799409 21.906256 1.222118 0.086127 0.002781 -1
0 -13.740008 23.523172 -0.944004 0.074983 0.002781 -1
144
-0.504800 -0.505000 0.700100
-0.345300 -0.586800 0.732400
-0.482300 -0.481400 0.731900
-0.180300 -0.656300 0.732700
-0.359800 -0.617300 0.699600
-0.187000 -0.689900 0.699400
0.360700 -0.618100 0.698500
0.506500 -0.506500 0.697800
0.480100 -0.480900 0.733700
0.585400 -0.344300 0.734000
0.655000 -0.179700 0.733900
0.618900 -0.361000 0.697600
0.691400 -0.187800 0.697700
0.618300 0.360200 0.698500
0.506400 0.505600 0.698500
0.481000 0.480700 0.733200
0.344500 0.586400 0.733100
0.179800 0.656500 0.732600
0.360800 0.617600 0.698800
0.187700 0.689600 0.699400
-0.359100 0.616300 0.700900
-0.504200 0.505100 0.700500
-0.480400 0.483200 0.731900
-0.578400 0.360300 0.731900
-0.670500 0.176600 0.720500
-0.617100 0.362700 0.698300
-0.692200 0.184300 0.697800
0.586400 0.344600 0.733100
0.655600 0.180400 0.733200
0.690700 0.187600 0.698400
-0.588200 -0.345200 0.731300
-0.616100 -0.359600 0.700800
0.344300 -0.586500 0.733100
0.180200 -0.656200 0.732800
0.188000 -0.690000 0.698900
0.000600 -0.715000 0.699100
0.000100 -0.680500 0.732700
-0.659500 -0.177900 0.730300
-0.687900 -0.187300 0.701200
0.716100 0.000100 0.698000
0.679600 0.000400 0.733600
-0.345600 0.588100 0.731200
-0.181000 0.657400 0.731400
-0.186900 0.688600 0.700700
0.000200 0.714100 0.700000
-0.000600 0.681300 0.732000
-0.711200 0.000800 0.703000
-0.688100 -0.011500 0.725500
-0.727000 -0.196800 0.657800
-0.112500 0.000200 0.993700
-0.753100 0.000100 0.657900
0.753100 -0.000100 0.657900
0.118100 -0.000000 0.993000
0.114100 -0.031100 0.993000
0.196800 -0.727000 0.657800
-0.000400 -0.116100 0.993200
-0.000100 -0.753100 0.657900
0.532600 -0.532500 0.657900
0.058500 -0.100600 0.993200
0.378800 -0.651000 0.657800
0.378700 0.650900 0.658000
0.057700 0.099600 0.993400
0.080800 0.081400 0.993400
0.727000 0.196800 0.657800
0.196900 0.726800 0.658000
-0.108500 0.029600 0.993700
-0.726800 0.196900 0.658000
-0.196800 0.727000 0.657800
-0.000200 0.114600 0.993400
0.000100 0.753100 0.657900
-0.532600 0.532500 0.657800
-0.078500 0.078000 0.993900
-0.056800 0.096800 0.993700
-0.650900 0.378700 0.658000
0.030100 0.111400 0.993300
-0.030100 0.109800 0.993500
-0.378800 0.651000 0.657800
0.726800 -0.196900 0.658000
0.101100 -0.059000 0.993100
0.532500 0.532600 0.657900
0.100300 0.058900 0.993200
0.651000 0.378800 0.657800
0.113700 0.031000 0.993000
0.081800 -0.081800 0.993300
0.650900 -0.378700 0.658000
-0.030700 -0.111200 0.993300
-0.196800 -0.726900 0.658000
0.030300 -0.112800 0.993200
-0.533500 -0.532100 0.657500
-0.097000 -0.056400 0.993700
-0.651000 -0.378800 0.657800
-0.108900 -0.029400 0.993600
-0.079100 -0.079100 0.993700
-0.379300 -0.650700 0.657800
-0.057400 -0.097900 0.993500
-0.096400 0.056100 0.993800
-0.293200 -0.498900 0.815600
-0.409900 -0.409400 0.815100
0.497500 -0.292300 0.816800
0.408100 -0.408500 0.816500
0.292600 0.498400 0.816100
0.408700 0.408600 0.816100
-0.495700 0.305700 0.812900
-0.408100 0.410000 0.815700
0.498400 0.292700 0.816000
0.557100 0.153200 0.816200
-0.500200 -0.293500 0.814700
0.292500 -0.498500 0.816100
0.153100 -0.557700 0.815800
-0.153200 -0.557700 0.815800
-0.000000 -0.578400 0.815800
-0.564100 -0.151400 0.811700
0.556400 -0.152700 0.816700
0.577400 0.000200 0.816400
-0.293700 0.500100 0.814600
-0.153700 0.559000 0.814800
0.152900 0.557800 0.815800
-0.000300 0.579100 0.815200
-0.570900 0.149900 0.807200
-0.595800 -0.012000 0.803100
-0.756800 -0.000000 0.653700
-0.730500 -0.197800 0.653600
-0.000000 -0.756800 0.653700
0.197800 -0.730500 0.653600
0.380600 -0.654100 0.653700
0.535100 -0.535000 0.653800
0.756800 -0.000000 0.653700
0.730500 0.197800 0.653600
0.380500 0.654000 0.653900
0.197800 0.730300 0.653800
-0.000000 0.756800 0.653700
-0.197800 0.730500 0.653600
-0.535100 0.535000 0.653800
-0.654000 0.380500 0.653900
0.654100 0.380600 0.653600
0.535000 0.535100 0.653800
0.654000 -0.380500 0.653900
-0.197800 -0.730400 0.653700
-0.654200 -0.380600 0.653600
-0.535800 -0.534700 0.653500
-0.381200 -0.653800 0.653600
-0.730300 0.197800 0.653800
0.730300 -0.197800 0.653800
-0.380600 0.654100 0.653600
240
0 0 1 2 0 1 2 1
0 3 4 5 3 4 5 1
0 6 7 8 6 7 8 1
0 7 9 8 7 9 8 1
0 10 11 12 10 11 12 1
0 13 14 15 13 14 15 1
0 14 16 15 14 16 15 1
0 17 18 19 17 18 19 1
0 20 21 22 20 21 22 1
0 21 23 22 21 23 22 1
0 24 25 26 24 25 26 1
0 27 28 29 27 28 29 1
0 0 4 1 0 4 1 1
0 30 31 2 30 31 2 1
0 32 33 34 32 33 34 1
0 5 35 36 5 35 36 1
0 3 1 4 3 1 4 1
0 5 36 3 5 36 3 1
0 6 32 34 6 32 34 1
0 35 34 33 35 34 33 1
0 36 35 33 36 35 33 1
0 7 11 9 7 11 9 1
0 32 6 8 32 6 8 1
0 30 37 38 30 37 38 1
0 12 39 40 12 39 40 1
0 10 9 11 10 9 11 1
0 12 40 10 12 40 10 1
0 13 27 29 13 27 29 1
0 39 29 28 39 29 28 1
0 40 39 28 40 39 28 1
0 14 18 16 14 18 16 1
0 27 13 15 27 13 15 1
0 41 42 43 41 42 43 1
0 19 44 45 19 44 45 1
0 17 16 18 17 16 18 1
0 19 45 17 19 45 17 1
0 20 41 43 20 41 43 1
0 44 43 42 44 43 42 1
0 45 44 42 45 44 42 1
0 21 25 23 21 25 23 1
0 41 20 22 41 20 22 1
0 26 46 47 26 46 47 1
0 24 23 25 24 23 25 1
0 26 47 24 26 47 24 1
0 31 30 38 31 30 38 1
0 46 38 37 46 38 37 1
0 47 46 37 47 46 37 1
0 31 0 2 31 0 2 1
0 48 49 50 48 49 50 1
0 51 52 53 51 52 53 1
0 54 55 56 54 55 56 1
0 57 58 59 57 58 59 1
0 60 61 62 60 61 62 1
0 63 52 51 63 52 51 1
0 61 60 64 61 60 64 1
0 65 66 50 65 66 50 1
0 67 68 69 67 68 69 1
0 70 71 72 70 71 72 1
0 71 70 73 71 70 73 1
0 74 64 69 74 64 69 1
0 75 76 72 75 76 72 1
0 77 53 78 77 53 78 1
0 79 80 81 79 80 81 1
0 82 81 80 82 81 80 1
0 83 57 84 83 57 84 1
0 85 86 56 85 86 56 1
0 87 59 58 87 59 58 1
0 88 89 90 88 89 90 1
0 91 90 89 91 90 89 1
0 92 88 93 92 88 93 1
0 48 91 49 48 91 49 1
0 94 92 93 94 92 93 1
0 66 65 95 66 65 95 1
0 73 66 95 73 66 95 1
0 94 93 86 94 93 86 1
0 85 94 86 85 94 86 1
0 54 87 55 54 87 55 1
0 57 83 58 57 83 58 1
0 77 51 53 77 51 53 1
0 63 82 52 63 82 52 1
0 79 60 62 79 60 62 1
0 74 61 64 74 61 64 1
0 67 75 68 67 75 68 1
0 72 76 70 72 76 70 1
0 49 65 50 49 65 50 1
0 95 71 73 95 71 73 1
0 75 67 76 75 67 76 1
0 68 74 69 68 74 69 1
0 79 62 80 79 62 80 1
0 82 63 81 82 63 81 1
0 84 77 78 84 77 78 1
0 78 83 84 78 83 84 1
0 87 54 59 87 54 59 1
0 55 85 56 55 85 56 1
0 88 92 89 88 92 89 1
0 91 48 90 91 48 90 1
0 96 97 98 5 4 61 1
0 96 98 99 5 61 74 1
0 100 101 102 7 6 72 1
0 100 102 103 7 72 71 1
0 104 105 106 12 11 95 1
0 104 106 107 12 95 65 1
0 108 109 110 14 13 89 1
0 108 110 111 14 89 92 1
0 112 113 114 19 18 94 1
0 112 114 115 19 94 85 1
0 116 117 118 21 20 58 1
0 116 118 119 21 58 83 1
0 120 121 122 26 25 78 1
0 120 122 123 26 78 53 1
0 97 124 125 4 0 62 1
0 97 125 98 4 62 61 1
0 126 96 99 35 5 74 1
0 126 99 127 35 74 68 1
0 101 128 129 6 34 75 1
0 101 129 102 6 75 72 1
0 128 126 127 34 35 68 1
0 128 127 129 34 68 75 1
0 105 100 103 11 7 71 1
0 105 103 106 11 71 95 1
0 130 104 107 39 12 65 1
0 130 107 131 39 65 49 1
0 109 132 133 13 29 91 1
0 109 133 110 13 91 89 1
0 132 130 131 29 39 49 1
0 132 131 133 29 49 91 1
0 113 108 111 18 14 92 1
0 113 111 114 18 92 94 1
0 134 112 115 44 19 85 1
0 134 115 135 44 85 55 1
0 117 136 137 20 43 87 1
0 117 137 118 20 87 58 1
0 136 134 135 43 44 55 1
0 136 135 137 43 55 87 1
0 121 116 119 25 21 83 1
0 121 119 122 25 83 78 1
0 138 120 123 46 26 53 1
0 138 123 139 46 53 52 1
0 140 141 142 31 38 82 1
0 140 142 143 31 82 80 1
0 141 138 139 38 46 52 1
0 141 139 142 38 52 82 1
0 124 140 143 0 31 80 1
0 124 143 125 0 80 62 1
0 144 145 146 2 1 96 1
0 144 146 147 2 96 97 1
0 148 149 150 8 9 98 1
0 148 150 151 8 98 99 1
0 152 153 154 15 16 100 1
0 152 154 155 15 100 101 1
0 156 157 158 22 23 102 1
0 156 158 159 22 102 103 1
0 160 161 162 28 27 104 1
0 160 162 163 28 104 105 1
0 164 144 147 30 2 97 1
0 164 147 165 30 97 106 1
0 166 167 168 33 32 107 1
0 166 168 169 33 107 108 1
0 145 170 171 1 3 109 1
0 145 171 146 1 109 96 1
0 170 172 173 3 36 110 1
0 170 173 171 3 110 109 1
0 172 166 169 36 33 108 1
0 172 169 173 36 108 110 1
0 167 148 151 32 8 99 1
0 167 151 168 32 99 107 1
0 174 164 165 37 30 106 1
0 174 165 175 37 106 111 1
0 149 176 177 9 10 112 1
0 149 177 150 9 112 98 1
0 176 178 179 10 40 113 1
0 176 179 177 10 113 112 1
0 178 160 163 40 28 105 1
0 178 163 179 40 105 113 1
0 161 152 155 27 15 101 1
0 161 155 162 27 101 104 1
0 180 181 182 42 41 114 1
0 180 182 183 42 114 115 1
0 153 184 185 16 17 116 1
0 153 185 154 16 116 100 1
0 184 186 187 17 45 117 1
0 184 187 185 17 117 116 1
0 186 180 183 45 42 115 1
0 186 183 187 45 115 117 1
0 181 156 159 41 22 103 1
0 181 159 182 41 103 114 1
0 157 188 189 23 24 118 1
0 157 189 158 23 118 102 1
0 188 190 191 24 47 119 1
0 188 191 189 24 119 118 1
0 190 174 175 47 37 111 1
0 190 175 191 47 111 119 1
0 192 193 194 48 50 120 1
0 192 194 195 48 120 121 1
0 196 197 198 54 56 122 1
0 196 198 199 54 122 123 1
0 200 201 202 57 59 124 1
0 200 202 203 57 124 125 1
0 204 205 206 63 51 126 1
0 204 206 207 63 126 127 1
0 208 209 210 64 60 128 1
0 208 210 211 64 128 129 1
0 212 213 214 67 69 130 1
0 212 214 215 67 130 131 1
0 216 217 218 73 70 132 1
0 216 218 219 73 132 133 1
0 213 208 211 69 64 129 1
0 213 211 214 69 129 130 1
0 220 221 222 79 81 134 1
0 220 222 223 79 134 135 1
0 224 200 203 84 57 125 1
0 224 203 225 84 125 136 1
0 197 226 227 56 86 137 1
0 197 227 198 56 137 122 1
0 228 229 230 88 90 138 1
0 228 230 231 88 138 139 1
0 232 228 231 93 88 139 1
0 232 231 233 93 139 140 1
0 234 216 219 66 73 133 1
0 234 219 235 66 133 141 1
0 226 232 233 86 93 140 1
0 226 233 227 86 140 137 1
0 205 236 237 51 77 142 1
0 205 237 206 51 142 126 1
0 209 220 223 60 79 135 1
0 209 223 210 60 135 128 1
0 217 238 239 70 76 143 1
0 217 239 218 70 143 132 1
0 238 212 215 76 67 131 1
0 238 215 239 76 131 143 1
0 221 204 207 81 63 127 1
0 221 207 222 81 127 134 1
0 236 224 225 77 84 136 1
0 236 225 237 77 136 142 1
0 201 196 199 59 54 123 1
0 201 199 202 59 123 124 1
0 229 192 195 90 48 121 1
0 229 195 230 90 121 138 1
0 193 234 235 50 66 141 1
0 193 235 194 50 141 120 1
"spikes" 0 0
189
0 1.227674 25.945700 7.081130 0.947944 0.064448 0
0 0.614000 27.056913 7.081130 0.960031 0.064448 0
0 -0.000648 25.940945 8.021700 0.947892 0.064448 0
0 -1.228966 12.596900 3.018670 0.802736 0.064448 0
0 -0.614000 11.466820 3.018670 0.790443 0.064448 0
0 -0.000647 12.445406 5.000000 0.801088 0.064448 0
0 -1.229811 20.078468 8.873890 0.884120 0.064448 0
0 -0.006139 20.243448 9.800000 0.885915 0.064448 0
0 -1.228967 25.945694 7.081130 0.947944 0.064448 0
0 -2.457285 11.748468 1.037330 0.059190 0.064233 0
0 -2.453483 19.915129 7.947778 0.132765 0.064233 0
0 -3.677155 19.751787 7.021667 0.131293 0.064233 0
0 -3.685604 11.200000 -0.943999 0.054248 0.064233 0
0 1.227674 12.596900 3.018670 0.802736 0.064448 0
0 1.232916 20.078054 8.873890 0.884116 0.064448 0
0 3.684317 27.655191 5.200000 0.202496 0.064233 0
0 2.455995 26.950441 6.140566 0.196147 0.064233 0
0 2.471970 19.912663 7.947778 0.132742 0.064233 0
0 3.711025 19.747265 7.021667 0.131252 0.064233 0
0 2.455995 26.950441 6.140566 0.658068 0.064096 0
0 1.227674 25.945700 7.081130 0.636834 0.064096 0
0 1.232916 20.078054 8.873890 0.512830 0.064096 0
0 2.471970 19.912663 7.947778 0.509335 0.064096 0
0 3.684316 11.200000 -0.943999 0.054248 0.064233 0
0 2.455995 11.748468 1.037330 0.059190 0.064233 0
0 2.455995 11.748468 1.037330 0.336795 0.064096 0
0 1.227674 12.596900 3.018670 0.354726 0.064096 0
0 -1.228966 12.596900 3.018670 0.354726 0.064096 0
0 -1.229811 20.078468 8.873890 0.512838 0.064096 0
0 -2.453483 19.915129 7.947778 0.509386 0.064096 0
0 -2.457285 11.748468 1.037330 0.336795 0.064096 0
0 -2.457286 26.950441 6.140570 0.196147 0.064233 0
0 -3.685605 27.655191 5.200000 0.202496 0.064233 0
0 -1.228967 25.945694 7.081130 0.636834 0.064096 0
0 -2.457286 26.950441 6.140570 0.658068 0.064096 0
0 -2.292236 9.456519 -0.943999 0.038541 0.064233 0
0 -1.230000 10.357939 1.037330 0.046662 0.064233 0
0 -1.230000 10.357939 1.037330 0.307408 0.064096 0
0 -0.614000 11.466820 3.018670 0.330843 0.064096 0
0 2.292236 29.233574 5.200000 0.216716 0.064233 0
0 1.230000 28.366741 6.140570 0.208907 0.064233 0
0 1.230000 28.366741 6.140570 0.688000 0.064096 0
0 0.614000 27.056913 7.081130 0.660318 0.064096 0
0 0.614000 11.466820 3.018670 0.790443 0.064448 0
0 -0.000654 11.027643 3.018670 0.321562 0.064096 0
0 -0.000645 9.916585 1.037330 0.298081 0.064096 0
0 1.230000 10.357939 1.037330 0.307408 0.064096 0
0 0.614000 11.466820 3.018670 0.330843 0.064096 0
0 -0.000645 9.916585 1.037330 0.042686 0.064233 0
0 -0.000643 8.585398 -0.943999 0.030693 0.064233 0
0 2.292236 9.456519 -0.943999 0.038541 0.064233 0
0 1.230000 10.357939 1.037330 0.046662 0.064233 0
0 -0.000647 27.397497 7.081130 0.667516 0.064096 0
0 -0.000645 28.806299 6.140570 0.697289 0.064096 0
0 -1.230000 28.366741 6.140570 0.688000 0.064096 0
0 -0.614000 27.056911 7.081130 0.660318 0.064096 0
0 -0.614000 27.056911 7.081130 0.960031 0.064448 0
0 -0.000645 28.806299 6.140570 0.212867 0.064233 0
0 -0.000644 29.955853 5.200000 0.223223 0.064233 0
0 -2.292236 29.233574 5.200000 0.216716 0.064233 0
0 -1.230000 28.366741 6.140570 0.208907 0.064233 0
0 -0.000647 27.397497 7.081130 0.963736 0.064448 0
0 -0.000654 11.027643 3.018670 0.785666 0.064448 0
0 21.855799 -14.036050 7.081125 0.947944 0.064448 0
0 23.124975 -14.060200 7.081125 0.960031 0.064448 0
0 22.465841 -12.969914 8.021695 0.947892 0.064448 0
0 11.523718 -5.234136 3.018668 0.802736 0.064448 0
0 10.237557 -5.201672 3.018668 0.790443 0.064448 0
0 10.778361 -6.222145 4.999998 0.801088 0.064448 0
0 18.003370 -8.974190 8.873886 0.884120 0.064448 0
0 17.534410 -10.116410 9.799996 0.885915 0.064448 0
0 23.084114 -11.908533 7.081125 0.947944 0.064448 0
0 11.403114 -3.746164 1.037328 0.059190 0.064233 0
0 18.473749 -7.832788 7.947774 0.132765 0.064233 0
0 18.944128 -6.691386 7.021663 0.131293 0.064233 0
0 11.542286 -2.408174 -0.944001 0.054248 0.064233 0
0 10.295398 -7.361649 3.018667 0.802736 0.064448 0
0 16.771648 -11.106766 8.873886 0.884116 0.064448 0
0 22.107941 -17.018311 5.199994 0.202496 0.064233 0
0 22.111769 -15.602178 6.140561 0.196147 0.064233 0
0 16.008886 -12.097122 7.947773 0.132742 0.064233 0
0 15.246121 -13.087477 7.021662 0.131252 0.064233 0
0 22.111769 -15.602178 6.140561 0.658068 0.064096 0
0 21.855799 -14.036050 7.081125 0.636834 0.064096 0
0 16.771648 -11.106766 8.873886 0.512830 0.064096 0
0 16.008886 -12.097122 7.947773 0.509335 0.064096 0
0 7.857326 -8.790711 -0.944002 0.054248 0.064233 0
0 8.946474 -8.001189 1.037327 0.059190 0.064233 0
0 8.946474 -8.001189 1.037327 0.336795 0.064096 0
0 10.295398 -7.361649 3.018667 0.354726 0.064096 0
0 11.523718 -5.234136 3.018668 0.354726 0.064096 0
0 18.003370 -8.974190 8.873886 0.512838 0.064096 0
0 18.473749 -7.832788 7.947774 0.509386 0.064096 0
0 11.403114 -3.746164 1.037328 0.336795 0.064096 0
0 24.568409 -11.347152 6.140565 0.196147 0.064233 0
0 25.792902 -10.635771 5.199995 0.202496 0.064233 0
0 23.084114 -11.908533 7.081125 0.636834 0.064096 0
0 24.568409 -11.347152 6.140565 0.658068 0.064096 0
0 9.335704 -2.743125 -0.944001 0.038541 0.064233 0
0 9.585238 -4.113759 1.037328 0.046662 0.064233 0
0 9.585238 -4.113759 1.037328 0.307408 0.064096 0
0 10.237557 -5.201672 3.018668 0.330843 0.064096 0
0 24.170898 -16.601925 5.199994 0.216716 0.064233 0
0 23.951319 -15.248585 6.140564 0.208907 0.064233 0
0 23.951319 -15.248585 6.140564 0.688000 0.064096 0
0 23.124975 -14.060200 7.081125 0.660318 0.064096 0
0 9.623558 -6.265151 3.018668 0.790443 0.064448 0
0 9.550546 -5.513257 3.018668 0.321562 0.064096 0
0 8.588337 -4.957735 1.037328 0.298081 0.064096 0
0 8.355238 -6.244182 1.037328 0.307408 0.064096 0
0 9.623558 -6.265151 3.018668 0.330843 0.064096 0
0 8.588337 -4.957735 1.037328 0.042686 0.064233 0
0 7.435494 -4.292142 -0.944001 0.030693 0.064233 0
0 7.043468 -6.713394 -0.944001 0.038541 0.064233 0
0 8.355238 -6.244182 1.037328 0.046662 0.064233 0
0 23.727253 -13.698192 7.081124 0.667516 0.064096 0
0 24.947311 -14.402594 6.140564 0.697289 0.064096 0
0 25.181320 -13.118162 6.140564 0.688000 0.064096 0
0 23.738974 -12.996719 7.081125 0.660318 0.064096 0
0 23.738974 -12.996719 7.081125 0.960031 0.064448 0
0 24.947311 -14.402594 6.140564 0.212867 0.064233 0
0 25.942852 -14.977371 5.199994 0.223223 0.064233 0
0 26.463135 -12.631656 5.199995 0.216716 0.064233 0
0 25.181320 -13.118162 6.140564 0.208907 0.064233 0
0 23.727253 -13.698192 7.081124 0.963736 0.064448 0
0 9.550546 -5.513257 3.018668 0.785666 0.064448 0
0 -23.083475 -11.909653 7.081125 0.947944 0.064448 0
0 -23.738977 -12.996716 7.081125 0.960031 0.064448 0
0 -22.465197 -12.971033 8.021695 0.947892 0.064448 0
0 -10.294753 -7.362765 3.018667 0.802736 0.064448 0
0 -9.623558 -6.265149 3.018668 0.790443 0.064448 0
0 -10.777715 -6.223263 4.999998 0.801088 0.064448 0
0 -16.773560 -11.104281 8.873886 0.884120 0.064448 0
0 -17.528273 -10.127041 9.799996 0.885915 0.064448 0
0 -21.855148 -14.037164 7.081125 0.947944 0.064448 0
0 -8.945830 -8.002305 1.037327 0.059190 0.064233 0
0 -16.020267 -12.082343 7.947773 0.132765 0.064233 0
0 -15.266974 -13.060403 7.021662 0.131293 0.064233 0
0 -7.856683 -8.791825 -0.944001 0.054248 0.064233 0
0 -11.523073 -5.235252 3.018668 0.802736 0.064448 0
0 -18.004564 -8.971291 8.873886 0.884116 0.064448 0
0 -25.792259 -10.636881 5.199995 0.202496 0.064233 0
0 -24.567766 -11.348265 6.140562 0.196147 0.064233 0
0 -18.480858 -7.815542 7.947774 0.132742 0.064233 0
0 -18.957146 -6.659790 7.021663 0.131252 0.064233 0
0 -24.567766 -11.348265 6.140562 0.658068 0.064096 0
0 -23.083475 -11.909653 7.081125 0.636834 0.064096 0
0 -18.004564 -8.971291 8.873886 0.512830 0.064096 0
0 -18.480858 -7.815542 7.947774 0.509335 0.064096 0
0 -11.541642 -2.409287 -0.944001 0.054248 0.064233 0
0 -11.402471 -3.747279 1.037328 0.059190 0.064233 0
0 -11.402471 -3.747279 1.037328 0.336795 0.064096 0
0 -11.523073 -5.235252 3.018668 0.354726 0.064096 0
0 -10.294753 -7.362765 3.018667 0.354726 0.064096 0
0 -16.773560 -11.104281 8.873886 0.512838 0.064096 0
0 -16.020267 -12.082343 7.947773 0.509386 0.064096 0
0 -8.945830 -8.002305 1.037327 0.336795 0.064096 0
0 -22.111126 -15.603292 6.140564 0.196147 0.064233 0
0 -22.107298 -17.019421 5.199994 0.202496 0.064233 0
0 -21.855148 -14.037164 7.081125 0.636834 0.064096 0
0 -22.111126 -15.603292 6.140564 0.658068 0.064096 0
0 -7.043469 -6.713393 -0.944001 0.038541 0.064233 0
0 -8.355239 -6.244180 1.037328 0.046662 0.064233 0
0 -8.355239 -6.244180 1.037328 0.307408 0.064096 0
0 -9.623558 -6.265149 3.018668 0.330843 0.064096 0
0 -26.463137 -12.631651 5.199995 0.216716 0.064233 0
0 -25.181320 -13.118157 6.140564 0.208907 0.064233 0
0 -25.181320 -13.118157 6.140564 0.688000 0.064096 0
0 -23.738977 -12.996716 7.081125 0.660318 0.064096 0
0 -10.237557 -5.201670 3.018668 0.790443 0.064448 0
0 -9.549892 -5.514388 3.018668 0.321562 0.064096 0
0 -8.587692 -4.958850 1.037328 0.298081 0.064096 0
0 -9.585238 -4.113757 1.037328 0.307408 0.064096 0
0 -10.237557 -5.201670 3.018668 0.330843 0.064096 0
0 -8.587692 -4.958850 1.037328 0.042686 0.064233 0
0 -7.434851 -4.293255 -0.944001 0.030693 0.064233 0
0 -9.335704 -2.743124 -0.944001 0.038541 0.064233 0
0 -9.585238 -4.113757 1.037328 0.046662 0.064233 0
0 -23.726608 -13.699307 7.081124 0.667516 0.064096 0
0 -24.946667 -14.403707 6.140564 0.697289 0.064096 0
0 -23.951321 -15.248580 6.140564 0.688000 0.064096 0
0 -23.124975 -14.060194 7.081125 0.660318 0.064096 0
0 -23.124975 -14.060194 7.081125 0.960031 0.064448 0
0 -24.946667 -14.403707 6.140564 0.212867 0.064233 0
0 -25.942209 -14.978482 5.199994 0.223223 0.064233 0
0 -24.170902 -16.601919 5.199994 0.216716 0.064233 0
0 -23.951321 -15.248580 6.140564 0.208907 0.064233 0
0 -23.726608 -13.699307 7.081124 0.963736 0.064448 0
0 -9.549892 -5.514388 3.018668 0.785666 0.064448 0
108
0.575600 0.317900 0.753400
-0.783100 -0.426200 0.452900
-0.598300 0.236700 0.765500
-0.569700 -0.546100 0.614200
0.693800 -0.412000 0.590700
0.595900 0.236900 0.767300
0.563900 0.196400 0.802100
0.537100 0.227500 0.812300
0.566000 -0.549000 0.615100
0.546500 -0.529900 0.648500
-0.696000 -0.410900 0.588900
-0.549700 -0.528000 0.647300
-0.566700 0.194000 0.800700
-0.539700 0.226100 0.810900
-0.634900 -0.530900 0.561300
-0.671600 -0.490800 0.555000
0.424100 0.370800 0.826200
0.445000 0.323900 0.834900
0.783400 -0.425400 0.453100
0.373700 -0.783200 0.496900
0.296500 -0.795900 0.527900
-0.220500 0.520700 0.824800
-0.575500 0.318500 0.753200
-0.201100 0.609500 0.766900
-0.424000 0.371000 0.826200
0.287900 0.519500 0.804500
0.201000 0.609500 0.766900
0.220200 0.520800 0.824800
-0.444800 0.324200 0.834900
-0.288400 0.519400 0.804400
-0.503200 -0.702800 0.502900
-0.374200 -0.783000 0.496800
-0.296700 -0.795800 0.527900
0.671900 -0.490400 0.555000
0.635200 -0.530600 0.561300
0.502400 -0.703200 0.503100
-0.012500 -0.657500 0.753400
0.022500 0.891300 0.452900
0.504100 0.399800 0.765500
-0.188100 0.766400 0.614200
-0.703600 -0.394900 0.590700
-0.092800 -0.634500 0.767300
-0.111900 -0.586600 0.802100
-0.071600 -0.578900 0.812300
-0.758400 -0.215600 0.615100
-0.732100 -0.208300 0.648500
-0.007900 0.808200 0.588900
-0.182400 0.740100 0.647300
0.451400 0.393800 0.800700
0.465700 0.354400 0.810900
-0.142300 0.815300 0.561300
-0.089300 0.827000 0.555000
0.109000 -0.552700 0.826200
0.058000 -0.547400 0.834900
-0.760100 -0.465700 0.453100
-0.865200 0.067900 0.496900
-0.837500 0.141200 0.527900
0.561200 -0.069400 0.824800
0.563600 0.339200 0.753200
0.628400 -0.130600 0.766900
0.533300 0.181700 0.826200
0.306000 -0.509100 0.804500
0.427400 -0.478800 0.766900
0.340900 -0.451100 0.824800
0.503100 0.223100 0.834900
0.594000 -0.009900 0.804400
-0.357000 0.787200 0.502900
-0.491000 0.715600 0.496800
-0.540900 0.654800 0.527900
-0.760700 -0.336700 0.555000
-0.777100 -0.284800 0.561300
-0.860200 -0.083500 0.503100
-0.563100 0.339600 0.753400
0.760600 -0.465100 0.452900
0.094100 -0.636500 0.765500
0.757800 -0.220400 0.614200
0.009900 0.806800 0.590700
-0.503100 0.397600 0.767300
-0.452000 0.390200 0.802100
-0.465600 0.351400 0.812300
0.192500 0.764600 0.615100
0.185700 0.738200 0.648500
0.703900 -0.397300 0.588900
0.732100 -0.212100 0.647300
0.115300 -0.587800 0.800700
0.074000 -0.580500 0.810900
0.777200 -0.284400 0.561300
0.760900 -0.336200 0.555000
-0.533200 0.181900 0.826200
-0.503000 0.223400 0.834900
-0.023300 0.891100 0.453100
0.491400 0.715300 0.496900
0.541000 0.654700 0.527900
-0.340700 -0.451300 0.824800
0.011900 -0.657700 0.753200
-0.427300 -0.478900 0.766900
-0.109300 -0.552700 0.826200
-0.593800 -0.010500 0.804500
-0.628400 -0.130700 0.766900
-0.561100 -0.069700 0.824800
-0.058400 -0.547300 0.834900
-0.305600 -0.509500 0.804400
0.860200 -0.084400 0.502900
0.865200 0.067500 0.496800
0.837500 0.141000 0.527900
0.088700 0.827100 0.555000
0.141900 0.815400 0.561300
0.357700 0.786700 0.503100
192
0 0 1 2 0 0 0 1
0 3 4 5 1 1 1 1
0 6 7 2 2 2 2 1
0 6 2 8 2 2 2 1
0 9 10 11 3 3 3 1
0 9 11 12 3 3 3 1
0 13 14 7 4 4 4 1
0 13 7 5 4 4 4 1
0 0 2 7 5 5 5 1
0 0 7 14 5 5 5 1
0 15 16 17 6 6 6 1
0 15 17 18 6 6 6 1
0 19 20 21 7 7 7 1
0 19 21 22 7 7 7 1
0 23 18 17 8 8 8 1
0 23 17 24 8 8 8 1
0 25 22 21 9 9 9 1
0 25 21 26 9 9 9 1
0 5 7 6 10 10 10 1
0 5 6 3 10 10 10 1
0 27 28 29 11 11 11 1
0 27 29 30 11 11 11 1
0 11 10 31 12 12 12 1
0 11 31 32 12 12 12 1
0 29 28 33 13 13 13 1
0 29 33 34 13 13 13 1
0 12 35 36 14 14 14 1
0 12 36 9 14 14 14 1
0 30 37 38 15 15 15 1
0 30 38 27 15 15 15 1
0 15 39 40 16 16 16 1
0 15 40 16 16 16 16 1
0 19 41 42 17 17 17 1
0 19 42 20 17 17 17 1
0 5 43 13 18 18 18 1
0 44 45 46 19 19 19 1
0 44 46 47 19 19 19 1
0 48 49 50 20 20 20 1
0 48 50 51 20 20 20 1
0 52 53 54 21 21 21 1
0 52 54 55 21 21 21 1
0 2 56 8 22 22 22 1
0 57 58 59 23 23 23 1
0 57 59 60 23 23 23 1
0 60 59 32 24 24 24 1
0 60 32 31 24 24 24 1
0 2 1 61 25 25 25 1
0 40 39 58 26 26 26 1
0 40 58 57 26 26 26 1
0 42 41 53 27 27 27 1
0 42 53 52 27 27 27 1
0 55 54 34 28 28 28 1
0 55 34 33 28 28 28 1
0 56 2 61 29 29 29 1
0 5 4 62 30 30 30 1
0 38 37 45 31 31 31 1
0 38 45 44 31 31 31 1
0 36 35 49 32 32 32 1
0 36 49 48 32 32 32 1
0 47 46 25 33 33 33 1
0 47 25 26 33 33 33 1
0 51 50 23 34 34 34 1
0 51 23 24 34 34 34 1
0 43 5 62 35 35 35 1
0 63 64 65 36 36 36 1
0 66 67 68 37 37 37 1
0 69 70 65 38 38 38 1
0 69 65 71 38 38 38 1
0 72 73 74 39 39 39 1
0 72 74 75 39 39 39 1
0 76 77 70 40 40 40 1
0 76 70 68 40 40 40 1
0 63 65 70 41 41 41 1
0 63 70 77 41 41 41 1
0 78 79 80 42 42 42 1
0 78 80 81 42 42 42 1
0 82 83 84 43 43 43 1
0 82 84 85 43 43 43 1
0 86 81 80 44 44 44 1
0 86 80 87 44 44 44 1
0 88 85 84 45 45 45 1
0 88 84 89 45 45 45 1
0 68 70 69 46 46 46 1
0 68 69 66 46 46 46 1
0 90 91 92 47 47 47 1
0 90 92 93 47 47 47 1
0 74 73 94 48 48 48 1
0 74 94 95 48 48 48 1
0 92 91 96 49 49 49 1
0 92 96 97 49 49 49 1
0 75 98 99 50 50 50 1
0 75 99 72 50 50 50 1
0 93 100 101 51 51 51 1
0 93 101 90 51 51 51 1
0 78 102 103 52 52 52 1
0 78 103 79 52 52 52 1
0 82 104 105 53 53 53 1
0 82 105 83 53 53 53 1
0 68 106 76 54 54 54 1
0 107 108 109 55 55 55 1
0 107 109 110 55 55 55 1
0 111 112 113 56 56 56 1
0 111 113 114 56 56 56 1
0 115 116 117 57 57 57 1
0 115 117 118 57 57 57 1
0 65 119 71 58 58 58 1
0 120 121 122 59 59 59 1
0 120 122 123 59 59 59 1
0 123 122 95 60 60 60 1
0 123 95 94 60 60 60 1
0 65 64 124 61 61 61 1
0 103 102 121 62 62 62 1
0 103 121 120 62 62 62 1
0 105 104 116 63 63 63 1
0 105 116 115 63 63 63 1
0 118 117 97 64 64 64 1
0 118 97 96 64 64 64 1
0 119 65 124 65 65 65 1
0 68 67 125 66 66 66 1
0 101 100 108 67 67 67 1
0 101 108 107 67 67 67 1
0 99 98 112 68 68 68 1
0 99 112 111 68 68 68 1
0 110 109 88 69 69 69 1
0 110 88 89 69 69 69 1
0 114 113 86 70 70 70 1
0 114 86 87 70 70 70 1
0 106 68 125 71 71 71 1
0 126 127 128 72 72 72 1
0 129 130 131 73 73 73 1
0 132 133 128 74 74 74 1
0 132 128 134 74 74 74 1
0 135 136 137 75 75 75 1
0 135 137 138 75 75 75 1
0 139 140 133 76 76 76 1
0 139 133 131 76 76 76 1
0 126 128 133 77 77 77 1
0 126 133 140 77 77 77 1
0 141 142 143 78 78 78 1
0 141 143 144 78 78 78 1
0 145 146 147 79 79 79 1
0 145 147 148 79 79 79 1
0 149 144 143 80 80 80 1
0 149 143 150 80 80 80 1
0 151 148 147 81 81 81 1
0 151 147 152 81 81 81 1
0 131 133 132 82 82 82 1
0 131 132 129 82 82 82 1
0 153 154 155 83 83 83 1
0 153 155 156 83 83 83 1
0 137 136 157 84 84 84 1
0 137 157 158 84 84 84 1
0 155 154 159 85 85 85 1
0 155 159 160 85 85 85 1
0 138 161 162 86 86 86 1
0 138 162 135 86 86 86 1
0 156 163 164 87 87 87 1
0 156 164 153 87 87 87 1
0 141 165 166 88 88 88 1
0 141 166 142 88 88 88 1
0 145 167 168 89 89 89 1
0 145 168 146 89 89 89 1
0 131 169 139 90 90 90 1
0 170 171 172 91 91 91 1
0 170 172 173 91 91 91 1
0 174 175 176 92 92 92 1
0 174 176 177 92 92 92 1
0 178 179 180 93 93 93 1
0 178 180 181 93 93 93 1
0 128 182 134 94 94 94 1
0 183 184 185 95 95 95 1
0 183 185 186 95 95 95 1
0 186 185 158 96 96 96 1
0 186 158 157 96 96 96 1
0 128 127 187 97 97 97 1
0 166 165 184 98 98 98 1
0 166 184 183 98 98 98 1
0 168 167 179 99 99 99 1
0 168 179 178 99 99 99 1
0 181 180 160 100 100 100 1
0 181 160 159 100 100 100 1
0 182 128 187 101 101 101 1
0 131 130 188 102 102 102 1
0 164 163 171 103 103 103 1
0 164 171 170 103 103 103 1
0 162 161 175 104 104 104 1
0 162 175 174 104 104 104 1
0 173 172 151 105 105 105 1
0 173 151 152 105 105 105 1
0 177 176 149 106 106 106 1
0 177 149 150 106 106 106 1
0 169 131 188 107 107 107 1

Materials: 2
"white outer"
0.000000 0.000000 0.000000 1.000000
1.000000 1.000000 1.000000 1.000000
1.000000 1.000000 1.000000 1.000000
0.000000 0.000000 0.000000 1.000000
0.000000
1.000000
"_mine tex.png"
""
"red middle"
1.000000 1.000000 1.000000 1.000000
1.000000 1.000000 1.000000 1.000000
0.898039 0.898039 0.898039 1.000000
0.000000 0.000000 0.000000 1.000000
12.799999
1.000000
"_mine ani tex.ini"
""

Bones: 1
"joint1"
""
0 0 0 0 0 0 0
2
1.000000 0.000000 0.000000 0.000000
120.000000 0.000000 0.000000 0.000000
3
1.000000 0.000000 0.000000 0.000000
60.000000 0.000000 0.000000 3.1
120.000000 0.000000 0.000000 6.2

GroupComments: 0
MaterialComments: 0
BoneComments: 0
ModelComment: 0
