// MilkShape 3D ASCII

Frames: 30
Frame: 1

Meshes: 2
"scroller" 0 0
12
0 0.000000 -23.000000 7.450002 0.551018 0.908796 -1
0 5.751484 -6.169774 7.450000 0.546875 0.643631 -1
0 0.000000 25.620199 7.449998 0.534100 0.327417 -1
0 24.051661 1.516300 7.450000 0.551018 0.356369 -1
0 19.053097 6.692636 7.449999 0.546875 0.356369 -1
0 -5.751484 -6.169774 7.450000 0.546875 0.643631 -1
0 -19.053478 6.692636 7.449999 0.546875 0.356369 -1
0 -24.051661 1.516300 7.450000 0.542731 0.356369 -1
0 0.000000 -23.000000 7.450002 0.542731 0.908796 -1
0 0.000000 25.620199 7.449998 0.559649 0.327417 -1
0 -5.751484 25.620247 7.449998 0.557578 0.261126 -1
0 5.751484 25.620199 7.449998 0.536171 0.261126 -1
12
0.000000 0.000000 1.000000
0.000000 0.000000 1.000000
0.000000 0.000000 1.000000
-0.000000 0.000000 1.000000
-0.000000 0.000000 1.000000
-0.000000 0.000000 1.000000
0.000000 0.000000 1.000000
0.000000 0.000000 1.000000
-0.000000 0.000000 1.000000
-0.000000 0.000000 1.000000
0.000000 0.000000 1.000000
0.000000 0.000000 1.000000
8
0 0 1 2 0 1 2 1
0 1 0 3 1 0 3 1
0 4 1 3 4 1 3 1
0 5 6 7 5 6 7 1
0 5 7 8 5 7 8 1
0 5 8 9 5 8 9 1
0 10 5 9 10 5 9 1
0 1 11 2 1 11 2 1
"shell" 0 1
309
0 20.264883 13.016655 0.000000 0.014186 0.377614 -1
0 19.429560 13.466315 0.000000 0.012599 0.275164 -1
0 30.639725 1.516300 -0.000000 0.015100 0.479399 -1
0 19.429560 12.025830 -0.000001 0.012599 0.319358 -1
0 18.457245 13.016655 -0.000000 0.011622 0.337664 -1
0 9.516092 2.614311 -0.000000 0.010158 0.475608 -1
0 -18.457245 13.016655 -0.000000 0.004298 0.337663 -1
0 -19.429560 13.466315 0.000000 0.003322 0.275163 -1
0 -9.516092 2.614311 -0.000000 0.005763 0.475608 -1
0 10.482342 30.216208 -0.000000 0.010646 0.026274 -1
0 9.516092 29.256649 -0.000002 0.010158 0.057524 -1
0 10.482342 5.675669 0.000000 0.010646 0.400164 -1
0 -10.482342 30.216208 -0.000000 0.005275 0.026274 -1
0 -9.516092 29.256649 0.000000 0.005763 0.057524 -1
0 -10.482342 5.675669 0.000000 0.005275 0.400163 -1
0 -19.429560 12.025830 -0.000001 0.003322 0.319358 -1
0 -20.264883 13.016655 0.000000 0.001726 0.377281 -1
0 -32.417458 1.516300 -0.000000 0.000928 0.428340 -1
0 -30.639725 1.516300 -0.000000 0.000821 0.479399 -1
0 0.000000 -28.825134 0.000000 0.007960 0.936315 -1
0 0.000000 -30.326008 0.000000 0.007960 0.980509 -1
0 1.839303 -29.237999 -0.000001 0.011802 0.733684 -1
0 32.417458 1.516300 0.000000 0.013820 0.605175 -1
0 1.839303 -29.237999 -0.000001 0.011867 0.730286 -1
0 32.417458 1.516300 0.000000 0.014979 0.428838 -1
0 10.482342 30.216208 -0.000000 0.009303 0.026274 -1
0 -10.482342 30.216208 -0.000000 0.007960 0.026274 -1
0 -10.482342 30.216208 -0.000000 0.005275 0.213219 -1
0 -32.417458 1.516300 -0.000000 0.002088 0.604677 -1
0 -1.839305 -29.237999 -0.000001 0.004043 0.729800 -1
0 -1.839305 -29.237999 -0.000001 0.004045 0.729954 -1
0 7.633790 13.071555 3.750000 0.030257 0.452735 -1
0 5.751486 15.372149 7.500000 0.028358 0.388556 -1
0 5.751486 7.215498 7.500000 0.028358 0.616100 -1
0 7.633790 9.202374 3.750000 0.030257 0.560673 -1
0 -7.633788 27.438450 3.749999 0.037482 0.083956 -1
0 -6.692636 26.529348 5.624999 0.037914 0.098127 -1
0 6.692636 26.529348 5.624998 0.044052 0.098127 -1
0 7.633788 27.438450 3.749998 0.044484 0.083956 -1
0 -7.633788 27.438450 3.749999 0.044370 0.048869 -1
0 7.633788 27.438450 3.749998 0.044370 0.011939 -1
0 9.516092 29.256649 -0.000002 0.037708 0.007386 -1
0 -9.516092 29.256649 0.000000 0.037708 0.053422 -1
0 -24.051661 1.516300 7.500000 0.052271 0.597360 -1
0 -19.053478 6.692636 7.500000 0.052270 0.402576 -1
0 -19.155499 8.139376 6.500000 0.051409 0.397488 -1
0 -26.061962 1.516300 6.500000 0.051379 0.596175 -1
0 -5.751484 25.620247 7.500000 0.024667 0.028640 -1
0 -7.633788 23.528799 3.749999 0.022210 0.097911 -1
0 -7.633788 19.490946 3.749999 0.022210 0.231650 -1
0 -5.751484 17.254452 7.500000 0.024667 0.305725 -1
0 -7.633788 13.071555 3.750000 0.022210 0.444268 -1
0 -7.633788 9.202374 3.750000 0.022210 0.572420 -1
0 -5.751484 7.215498 7.500000 0.024667 0.638228 -1
0 -5.751484 15.372149 7.500000 0.024667 0.368070 -1
0 -7.633788 16.281250 3.750000 0.022807 0.344718 -1
0 -5.751484 15.372149 7.500000 0.021603 0.366335 -1
0 -5.751484 16.313301 7.499999 0.021603 0.344686 -1
0 -5.751484 17.254452 7.500000 0.021603 0.323037 -1
0 -5.751484 5.228622 7.500000 0.024667 0.704036 -1
0 -7.633788 2.928028 3.750000 0.022210 0.780235 -1
0 -7.633788 0.000000 3.750000 0.022210 0.877215 -1
0 -5.751484 -2.614311 7.500000 0.024667 0.963804 -1
0 -5.751484 -0.418290 7.500000 0.024667 0.891069 -1
0 -5.751484 5.228622 7.500000 0.016829 0.775315 -1
0 -7.633788 6.065202 3.750000 0.016736 0.705826 -1
0 -7.633788 2.928028 3.750000 0.016829 0.840093 -1
0 5.751486 5.228622 7.500000 0.028358 0.671528 -1
0 5.751486 -0.418290 7.500000 0.028358 0.829059 -1
0 5.751486 -2.614311 7.500000 0.028358 0.890321 -1
0 7.633790 0.000000 3.750000 0.030257 0.817390 -1
0 7.633790 2.928029 3.750000 0.030257 0.735707 -1
0 5.751483 17.254452 7.500001 0.030725 0.249799 -1
0 7.633790 16.281250 3.750000 0.030725 0.292860 -1
0 7.633790 19.490946 3.749999 0.030725 0.150841 -1
0 7.633790 23.528799 3.749999 0.030257 0.161012 -1
0 5.751484 25.620247 7.500000 0.028358 0.102667 -1
0 5.751483 17.254452 7.500001 0.028358 0.336046 -1
0 7.633790 19.490946 3.749999 0.030257 0.273655 -1
0 5.751484 25.620247 7.500000 0.024344 0.113246 -1
0 7.633790 23.528799 3.749999 0.024344 0.188930 -1
0 6.692636 26.529348 5.624998 0.024344 0.080348 -1
0 -5.751484 15.372149 7.500000 0.038223 0.474800 -1
0 5.751486 15.372149 7.500000 0.043801 0.474800 -1
0 5.751485 16.313301 7.499999 0.043801 0.404033 -1
0 5.751483 17.254452 7.500001 0.043801 0.333266 -1
0 -5.751484 17.254452 7.500000 0.038223 0.333266 -1
0 -5.751484 16.313301 7.499999 0.038223 0.404033 -1
0 -5.751484 5.228622 7.500000 0.037665 0.722658 -1
0 5.751486 5.228622 7.500000 0.044358 0.722658 -1
0 5.751486 6.222060 7.499999 0.044358 0.654624 -1
0 5.751486 7.215498 7.500000 0.044358 0.586590 -1
0 -5.751484 7.215498 7.500000 0.037665 0.586590 -1
0 -5.751484 6.222060 7.499999 0.037665 0.654624 -1
0 -19.429560 12.025830 -0.000001 0.045378 0.342379 -1
0 -19.292528 10.082603 3.250000 0.048283 0.336123 -1
0 -7.633788 0.000000 3.750000 0.048305 0.024821 -1
0 -9.516092 2.614311 -0.000000 0.045342 0.039285 -1
0 -5.751484 -6.169774 7.500000 0.051737 0.257992 -1
0 0.000000 -10.980106 7.500000 0.051737 0.348384 -1
0 0.000000 -9.762545 7.500000 0.051737 0.338513 -1
0 -5.751484 -4.443852 7.500000 0.051737 0.244000 -1
0 -7.633788 13.071555 3.750000 0.016829 0.453172 -1
0 -5.751484 15.372149 7.500000 0.016829 0.369331 -1
0 -7.633788 16.281250 3.750000 0.016736 0.342272 -1
0 5.751486 6.222060 7.499999 0.021624 0.686953 -1
0 5.751486 5.228622 7.500000 0.021624 0.710628 -1
0 7.633790 6.065202 3.750000 0.022792 0.690691 -1
0 5.751486 7.215498 7.500000 0.021624 0.663277 -1
0 6.692636 26.529348 5.624998 0.044519 0.147376 -1
0 -6.692636 26.529348 5.624999 0.037583 0.147376 -1
0 -5.751484 25.620247 7.500000 0.038070 0.164302 -1
0 5.751484 25.620247 7.500000 0.044031 0.164302 -1
0 9.516092 2.614311 -0.000000 0.036658 0.969699 -1
0 9.516092 29.256649 -0.000002 0.036728 0.044358 -1
0 7.633788 27.438450 3.749998 0.033516 0.043562 -1
0 7.633790 23.528799 3.749999 0.033516 0.191508 -1
0 7.633790 19.490946 3.749999 0.033516 0.337997 -1
0 7.633790 16.281250 3.750000 0.033516 0.448319 -1
0 7.633790 13.071555 3.750000 0.033516 0.558642 -1
0 7.633790 9.202374 3.750000 0.033516 0.684885 -1
0 7.633790 6.065202 3.750000 0.033516 0.782278 -1
0 7.633790 2.928029 3.750000 0.033516 0.879670 -1
0 7.633790 0.000000 3.750000 0.033516 0.966624 -1
0 -6.692636 26.529348 5.624999 0.021883 0.030470 -1
0 -7.633788 23.528799 3.749999 0.021883 0.151242 -1
0 -5.751484 25.620247 7.500000 0.021883 0.056031 -1
0 5.751485 16.313301 7.499999 0.021611 0.344820 -1
0 5.751486 15.372149 7.500000 0.021611 0.366469 -1
0 7.633790 16.281250 3.750000 0.022804 0.345558 -1
0 5.751483 17.254452 7.500001 0.021611 0.323171 -1
0 -5.751484 17.254452 7.500000 0.016829 0.293843 -1
0 -7.633788 19.490946 3.749999 0.016643 0.231372 -1
0 5.751486 -2.614311 7.500000 0.041846 0.988304 -1
0 5.751486 -0.418290 7.500000 0.041846 0.826981 -1
0 0.000000 -5.751484 7.500000 0.044178 0.826981 -1
0 0.000000 -7.842933 7.500000 0.044178 0.988304 -1
0 0.000000 -5.751484 7.500000 0.040771 0.832115 -1
0 -5.751484 -0.418290 7.500000 0.037407 0.832115 -1
0 -5.751484 -2.614311 7.500000 0.037407 0.989787 -1
0 0.000000 -7.842933 7.500000 0.040771 0.989787 -1
0 22.347843 1.522930 7.500000 0.053619 0.205413 -1
0 0.000000 -21.262154 7.500001 0.053619 0.901853 -1
0 0.000000 -23.005936 7.500000 0.053619 0.955153 -1
0 24.051661 1.516300 7.500000 0.053619 0.205615 -1
0 19.023512 4.965488 7.500000 0.053619 0.100189 -1
0 19.053097 6.692636 7.500000 0.053619 0.047397 -1
0 -22.347876 1.522963 7.500000 0.053619 0.205412 -1
0 -19.023849 4.965469 7.499999 0.053619 0.100189 -1
0 -19.053478 6.692636 7.500000 0.053619 0.047397 -1
0 -24.051661 1.516300 7.500000 0.053619 0.205615 -1
0 -6.568616 -7.078161 7.500000 0.053619 0.468310 -1
0 -5.751484 -6.169774 7.500000 0.053619 0.440545 -1
0 6.568623 -7.078156 7.500000 0.053619 0.468310 -1
0 5.751484 -6.169774 7.500000 0.053619 0.440545 -1
0 0.000000 -12.571914 7.500000 0.053619 0.636230 -1
0 0.000000 -10.980106 7.500000 0.053619 0.587576 -1
0 19.429560 12.025830 -0.000001 0.062013 0.358825 -1
0 9.516092 2.614311 -0.000000 0.061953 0.013784 -1
0 7.633790 0.000000 3.750000 0.058914 0.009891 -1
0 19.293344 10.096108 3.250000 0.058964 0.360474 -1
0 24.051661 1.516300 7.500000 0.055312 0.599391 -1
0 26.161932 1.516300 6.500000 0.055993 0.601199 -1
0 19.157127 8.166387 6.500000 0.056021 0.408010 -1
0 19.053097 6.692636 7.500000 0.055229 0.406833 -1
0 0.000000 -23.005936 7.500000 0.055561 0.962788 -1
0 0.000000 -24.786005 6.500000 0.055561 0.973707 -1
0 26.161932 1.516300 6.500000 0.055561 0.649951 -1
0 24.051661 1.516300 7.500000 0.055561 0.663051 -1
0 0.000000 -23.005936 7.500000 0.052065 0.983350 -1
0 -24.051661 1.516300 7.500000 0.052116 0.653677 -1
0 -26.061962 1.516300 6.500000 0.051360 0.647849 -1
0 0.000000 -24.786005 6.500000 0.051428 0.986504 -1
0 19.157127 8.166387 6.500000 0.058228 0.595324 -1
0 26.161932 1.516300 6.500000 0.058269 0.415180 -1
0 28.400826 1.516300 3.250000 0.056985 0.412974 -1
0 19.293344 10.096108 3.250000 0.057053 0.596307 -1
0 -19.155499 8.139376 6.500000 0.051737 0.022211 -1
0 -19.053478 6.692636 7.500000 0.051737 0.034851 -1
0 26.161932 1.516300 6.500000 0.057063 0.653742 -1
0 0.000000 -24.786005 6.500000 0.056976 0.971811 -1
0 0.000000 -26.805569 3.250000 0.057960 0.971494 -1
0 28.400826 1.516300 3.250000 0.058086 0.651694 -1
0 5.751485 -5.005214 7.500000 0.055649 0.254413 -1
0 0.000000 -9.762545 7.500000 0.055649 0.345853 -1
0 0.000000 -10.980106 7.500000 0.055649 0.355988 -1
0 5.751484 -6.169774 7.500000 0.055649 0.264106 -1
0 0.000000 -24.786005 6.500000 0.050307 0.981972 -1
0 -26.061962 1.516300 6.500000 0.050430 0.649150 -1
0 -28.350843 1.516300 3.250000 0.049159 0.643596 -1
0 0.000000 -26.805569 3.250000 0.049024 0.988400 -1
0 19.157127 8.166387 6.500000 0.055649 0.023943 -1
0 19.053097 6.692636 7.500000 0.055649 0.037147 -1
0 -26.061962 1.516300 6.500000 0.050151 0.599346 -1
0 -19.155499 8.139376 6.500000 0.050122 0.397878 -1
0 -19.292528 10.082603 3.250000 0.049389 0.402047 -1
0 -28.350843 1.516300 3.250000 0.049384 0.601995 -1
0 -4.182898 0.266375 7.500000 0.027581 0.900640 -1
0 -4.182898 3.660035 7.500000 0.027562 0.792836 -1
0 -5.751484 5.228622 7.500000 0.025968 0.743279 -1
0 -5.751484 -0.418290 7.500000 0.026005 0.922977 -1
0 -4.182898 3.660035 7.500000 0.038578 0.801148 -1
0 4.182899 3.660035 7.500000 0.043446 0.801148 -1
0 5.751486 5.228622 7.500000 0.044358 0.760578 -1
0 -5.751484 5.228622 7.500000 0.037665 0.760578 -1
0 4.182899 3.660035 7.500000 0.027500 0.790392 -1
0 4.182899 0.266375 7.500000 0.027495 0.897447 -1
0 5.751486 -0.418290 7.500000 0.025814 0.918379 -1
0 5.751486 5.228622 7.500000 0.025818 0.740397 -1
0 0.000000 -3.612312 7.500000 0.038196 0.793815 -1
0 -4.182898 0.266375 7.500000 0.040284 0.794425 -1
0 -5.751484 -0.418290 7.500000 0.040378 0.704310 -1
0 0.000000 -5.751484 7.500000 0.037506 0.703469 -1
0 4.182899 0.266375 7.500000 0.042193 0.794433 -1
0 0.000000 -3.612312 7.500000 0.043845 0.792921 -1
0 0.000000 -5.751484 7.500000 0.044196 0.705929 -1
0 5.751486 -0.418290 7.500000 0.041924 0.708010 -1
0 -4.182898 8.784084 7.499999 0.027532 0.629360 -1
0 -4.182898 13.803562 7.499999 0.027503 0.468393 -1
0 -5.751484 15.372149 7.500000 0.025901 0.417887 -1
0 -5.751484 7.215498 7.500000 0.025955 0.679806 -1
0 4.182899 13.803562 7.499999 0.027517 0.468222 -1
0 4.182899 8.784084 7.499999 0.027509 0.628058 -1
0 5.751486 7.215498 7.500000 0.025820 0.677534 -1
0 5.751486 15.372149 7.500000 0.025827 0.418140 -1
0 -4.182898 13.803562 7.499999 0.038700 0.543758 -1
0 4.182899 13.803562 7.499999 0.043544 0.543758 -1
0 5.751486 15.372149 7.500000 0.044508 0.508550 -1
0 -5.751484 15.372149 7.500000 0.037847 0.508550 -1
0 4.182899 8.784084 7.499999 0.038473 0.547013 -1
0 -4.182898 8.784084 7.499999 0.043341 0.547013 -1
0 -5.751484 7.215498 7.500000 0.044253 0.456446 -1
0 5.751486 7.215498 7.500000 0.037560 0.456446 -1
0 -4.182898 24.051661 7.499998 0.038475 0.287560 -1
0 4.182898 24.051661 7.499998 0.043343 0.287560 -1
0 5.751484 25.620247 7.500000 0.044255 0.207799 -1
0 -5.751484 25.620247 7.500000 0.037562 0.207799 -1
0 -4.182898 18.823040 7.499999 0.027473 0.306602 -1
0 -4.182898 24.051661 7.499998 0.027442 0.137186 -1
0 -5.751484 25.620247 7.500000 0.025832 0.085705 -1
0 -5.751484 17.254452 7.500000 0.025888 0.357135 -1
0 4.182898 24.051661 7.499998 0.027535 0.139358 -1
0 4.182897 18.823040 7.499999 0.027526 0.307572 -1
0 5.751483 17.254452 7.500001 0.025828 0.357977 -1
0 5.751484 25.620247 7.500000 0.025835 0.089191 -1
0 4.182897 18.823040 7.499999 0.038586 0.292704 -1
0 -4.182898 18.823040 7.499999 0.043454 0.292704 -1
0 -5.751484 17.254452 7.500000 0.044367 0.211199 -1
0 5.751483 17.254452 7.500001 0.037674 0.211199 -1
0 -7.633788 19.490946 3.749999 0.021131 0.300653 -1
0 -7.633788 23.528799 3.749999 0.021131 0.165741 -1
0 -7.633788 27.438450 3.749999 0.021131 0.035113 -1
0 -9.516092 29.256649 0.000000 0.018012 0.049544 -1
0 -9.516092 2.614311 -0.000000 0.018012 0.939713 -1
0 -7.633788 0.000000 3.750000 0.021131 0.951881 -1
0 -7.633788 2.928028 3.750000 0.021131 0.854050 -1
0 -7.633788 6.065202 3.750000 0.021131 0.749231 -1
0 -7.633788 9.202374 3.750000 0.021131 0.644412 -1
0 -7.633788 13.071555 3.750000 0.021131 0.515137 -1
0 -7.633788 16.281250 3.750000 0.021131 0.407895 -1
0 7.633790 6.065202 3.750000 0.030725 0.744889 -1
0 5.751486 5.228622 7.500000 0.030725 0.781905 -1
0 7.633790 2.928029 3.750000 0.030725 0.883700 -1
0 -7.633788 27.438450 3.749999 0.021697 0.060439 -1
0 -7.633788 23.528799 3.749999 0.021697 0.193579 -1
0 -6.692636 26.529348 5.624999 0.021697 0.083983 -1
0 7.633790 23.528799 3.749999 0.034916 0.506295 -1
0 7.633788 27.438450 3.749998 0.034042 0.506295 -1
0 6.692636 26.529348 5.624998 0.034190 0.506295 -1
0 -28.350843 1.516300 3.250000 0.048304 0.603011 -1
0 -19.292528 10.082603 3.250000 0.048321 0.396261 -1
0 -19.429560 12.025830 -0.000001 0.045604 0.397578 -1
0 -30.639725 1.516300 -0.000000 0.045459 0.602017 -1
0 -5.751484 -2.614311 7.500000 0.049401 0.115448 -1
0 -7.633788 0.000000 3.750000 0.048922 0.152592 -1
0 -5.751484 -4.443852 7.500000 0.050354 0.101003 -1
0 19.293344 10.096108 3.250000 0.062115 0.604180 -1
0 28.400826 1.516300 3.250000 0.062115 0.412499 -1
0 30.639725 1.516300 -0.000000 0.059022 0.403447 -1
0 19.429560 12.025830 -0.000001 0.059022 0.609201 -1
0 0.000000 -7.842933 7.500000 0.058243 0.018759 -1
0 0.000000 -9.762545 7.500000 0.057061 0.015221 -1
0 5.751485 -5.005214 7.500000 0.056932 0.119490 -1
0 28.400826 1.516300 3.250000 0.059083 0.655708 -1
0 0.000000 -26.805569 3.250000 0.059175 0.973575 -1
0 0.000000 -28.825134 0.000000 0.061879 0.973575 -1
0 30.639725 1.516300 -0.000000 0.062066 0.655708 -1
0 0.000000 -26.805569 3.250000 0.048572 0.973179 -1
0 -28.350843 1.516300 3.250000 0.048595 0.649897 -1
0 -30.639725 1.516300 -0.000000 0.045298 0.643585 -1
0 0.000000 -28.825134 0.000000 0.045293 0.974303 -1
0 5.751486 -2.614311 7.500000 0.058296 0.125424 -1
0 19.157127 8.166387 6.500000 0.057064 0.353344 -1
0 19.293344 10.096108 3.250000 0.058291 0.354004 -1
0 7.633790 0.000000 3.750000 0.058261 0.164641 -1
0 -19.292528 10.082603 3.250000 0.049139 0.334413 -1
0 -19.155499 8.139376 6.500000 0.050087 0.317870 -1
0 0.000000 -7.842933 7.500000 0.049426 0.023741 -1
0 0.000000 -9.762545 7.500000 0.050427 0.008585 -1
0 -5.751484 7.215498 7.500000 0.021663 0.663214 -1
0 -7.633788 6.065202 3.750000 0.022766 0.689444 -1
0 -5.751484 5.228622 7.500000 0.021663 0.708520 -1
0 -5.751484 6.222060 7.499999 0.021663 0.685867 -1
0 -7.633788 9.202374 3.750000 0.016643 0.571559 -1
0 -5.751484 7.215498 7.500000 0.016829 0.695900 -1
0 5.751486 15.372149 7.500000 0.030725 0.333085 -1
0 7.633790 13.071555 3.750000 0.030725 0.434879 -1
0 5.751486 7.215498 7.500000 0.030725 0.693992 -1
0 7.633790 9.202374 3.750000 0.030725 0.606079 -1
43
-0.000000 -0.000000 1.000000
0.240800 0.002000 0.970600
0.002400 0.283100 0.959100
0.156400 0.545100 0.823700
0.549900 0.614700 0.565400
0.172100 0.171000 0.970100
-0.000000 0.190000 0.981800
-0.002400 0.281900 0.959400
-0.239000 0.001800 0.971000
0.000200 -0.253800 0.967300
0.893700 -0.000000 0.448600
-0.000000 0.899800 0.436300
-0.411400 0.721800 0.556500
0.578100 0.581700 0.572200
-0.350200 0.008300 0.936600
-0.067800 0.289100 0.954900
-0.049100 0.714100 0.698300
-0.724900 0.010800 0.688700
-0.418300 0.424100 0.803200
-0.893700 -0.000000 0.448600
-0.419400 -0.000000 0.907800
-0.250600 -0.000000 0.968100
-0.055700 0.667200 0.742800
-0.515600 -0.000000 0.856800
0.515600 -0.000000 0.856800
0.298400 0.545600 0.783200
0.217900 0.514700 0.829200
0.577600 -0.000000 0.816300
-0.000900 0.876100 0.482100
0.032000 0.038200 0.998800
0.052300 0.189800 0.980400
-0.003000 -0.338400 0.941000
0.341800 0.007700 0.939800
0.041900 0.307800 0.950500
-0.039200 0.044600 0.998200
0.000600 0.878500 0.477800
0.724200 0.011100 0.689500
0.035800 0.721400 0.691600
-0.001300 -0.720400 0.693600
0.831400 0.011200 0.555600
0.000500 -0.835400 0.549700
-0.079800 0.204100 0.975700
-0.828300 0.010500 0.560200
182
0 0 1 2 0 0 1 1
0 1 3 2 0 2 1 1
0 4 5 1 0 3 0 1
0 6 7 8 0 0 4 1
0 9 10 11 0 5 0 1
0 12 13 10 0 6 5 1
0 14 8 13 0 4 6 1
0 14 6 8 0 0 4 1
0 7 15 8 0 7 4 1
0 16 17 18 0 0 8 1
0 19 20 21 9 0 0 1
0 22 2 23 0 1 0 1
0 24 0 2 0 0 1 1
0 5 3 1 3 2 0 1
0 10 5 11 5 3 0 1
0 25 26 10 0 0 5 1
0 27 14 13 0 0 6 1
0 28 29 18 0 0 8 1
0 21 2 19 0 1 9 1
0 20 19 30 0 9 0 1
0 29 19 18 0 9 8 1
0 18 7 16 8 0 0 1
0 7 18 15 0 8 7 1
0 4 11 5 0 0 3 1
0 31 32 33 10 10 10 1
0 31 33 34 10 10 10 1
0 35 36 37 11 12 13 1
0 35 37 38 11 13 13 1
0 39 40 41 11 13 5 1
0 39 41 42 11 5 6 1
0 43 44 45 14 15 16 1
0 43 45 46 14 16 17 1
0 47 48 49 18 19 19 1
0 47 49 50 18 19 20 1
0 51 52 53 19 19 19 1
0 51 53 54 19 19 19 1
0 55 56 57 19 19 19 1
0 55 57 58 19 19 19 1
0 59 60 61 21 19 22 1
0 59 61 62 21 22 23 1
0 59 62 63 21 23 23 1
0 64 65 66 19 19 19 1
0 67 68 69 24 24 24 1
0 67 69 70 24 24 25 1
0 67 70 71 24 25 10 1
0 72 73 74 10 10 10 1
0 75 76 77 10 10 10 1
0 75 77 78 10 10 10 1
0 79 80 81 26 10 13 1
0 82 83 84 0 0 0 1
0 82 84 85 0 0 0 1
0 82 85 86 0 0 0 1
0 82 86 87 0 0 0 1
0 88 89 90 21 24 24 1
0 88 90 91 21 24 27 1
0 88 91 92 21 27 0 1
0 88 92 93 21 0 0 1
0 94 95 96 7 28 22 1
0 94 96 97 7 22 4 1
0 98 99 100 29 0 0 1
0 98 100 101 29 0 30 1
0 102 103 104 19 19 19 1
0 105 106 107 24 24 10 1
0 105 107 108 24 10 27 1
0 109 110 111 13 12 18 1
0 109 111 112 13 18 26 1
0 113 114 115 3 5 13 1
0 113 115 116 3 13 10 1
0 113 116 117 3 10 10 1
0 113 117 118 3 10 10 1
0 113 118 119 3 10 10 1
0 113 119 120 3 10 10 1
0 113 120 121 3 10 10 1
0 113 121 122 3 10 10 1
0 113 122 123 3 10 25 1
0 124 125 126 12 19 18 1
0 127 128 129 10 10 10 1
0 127 129 130 10 10 10 1
0 131 132 104 19 19 19 1
0 133 134 135 24 24 0 1
0 133 135 136 24 0 0 1
0 137 138 139 0 23 23 1
0 137 139 140 0 23 0 1
0 141 142 143 0 0 31 1
0 141 143 144 0 31 32 1
0 145 141 144 0 0 32 1
0 145 144 146 0 32 33 1
0 147 148 149 0 0 15 1
0 147 149 150 0 15 14 1
0 142 147 150 0 0 14 1
0 142 150 143 0 14 31 1
0 148 151 152 0 0 29 1
0 148 152 149 0 29 15 1
0 153 145 146 0 0 33 1
0 153 146 154 0 33 34 1
0 155 153 154 0 0 34 1
0 155 154 156 0 34 0 1
0 151 155 156 0 0 0 1
0 151 156 152 0 0 29 1
0 157 158 159 2 3 25 1
0 157 159 160 2 25 35 1
0 161 162 163 32 36 37 1
0 161 163 164 32 37 33 1
0 165 166 167 31 38 36 1
0 165 167 168 31 36 32 1
0 169 170 171 31 14 17 1
0 169 171 172 31 17 38 1
0 173 174 175 37 36 39 1
0 173 175 176 37 39 35 1
0 101 177 178 30 16 15 1
0 101 178 98 30 15 29 1
0 179 180 181 36 38 40 1
0 179 181 182 36 40 39 1
0 183 184 185 41 0 0 1
0 183 185 186 41 0 34 1
0 187 188 189 38 17 42 1
0 187 189 190 38 42 40 1
0 191 183 186 37 41 34 1
0 191 186 192 37 34 33 1
0 193 194 195 17 16 28 1
0 193 195 196 17 28 42 1
0 197 198 199 0 0 21 1
0 197 199 200 0 21 23 1
0 201 202 203 0 0 24 1
0 201 203 204 0 24 21 1
0 205 206 207 0 0 24 1
0 205 207 208 0 24 24 1
0 209 210 211 0 0 23 1
0 209 211 212 0 23 0 1
0 213 214 215 0 0 0 1
0 213 215 216 0 0 24 1
0 217 218 219 0 0 0 1
0 217 219 220 0 0 0 1
0 221 222 223 0 0 0 1
0 221 223 224 0 0 0 1
0 225 226 227 0 0 0 1
0 225 227 228 0 0 0 1
0 229 230 231 0 0 0 1
0 229 231 232 0 0 0 1
0 233 234 235 0 0 26 1
0 233 235 236 0 26 18 1
0 237 238 239 0 0 18 1
0 237 239 240 0 18 20 1
0 241 242 243 0 0 0 1
0 241 243 244 0 0 26 1
0 245 246 247 0 0 20 1
0 245 247 248 0 20 0 1
0 249 250 251 19 19 19 1
0 249 251 252 19 19 19 1
0 249 252 253 19 19 19 1
0 249 253 254 19 19 19 1
0 249 254 255 19 19 19 1
0 249 255 256 19 19 19 1
0 249 256 257 19 19 19 1
0 249 257 258 19 19 19 1
0 249 258 259 19 19 19 1
0 260 261 262 10 24 10 1
0 263 264 265 19 19 19 1
0 266 267 268 10 13 13 1
0 269 270 271 42 28 7 1
0 269 271 272 42 7 8 1
0 273 274 275 23 22 30 1
0 276 277 278 35 39 1 1
0 276 278 279 35 1 2 1
0 280 281 282 0 0 41 1
0 283 284 285 39 40 9 1
0 283 285 286 39 9 1 1
0 287 288 289 40 42 8 1
0 287 289 290 40 8 9 1
0 291 280 282 24 0 41 1
0 292 293 294 37 35 25 1
0 274 295 296 22 28 16 1
0 273 275 297 23 30 0 1
0 275 298 297 30 0 0 1
0 274 296 275 22 16 30 1
0 292 294 282 37 25 41 1
0 294 291 282 25 24 41 1
0 299 300 301 19 19 19 1
0 299 301 302 19 19 19 1
0 303 65 304 19 19 19 1
0 73 305 306 10 10 10 1
0 307 260 308 27 10 10 1

Materials: 2
"19 - Default"
0.588235 0.588235 0.588235 1.000000
0.588235 0.588235 0.588235 1.000000
0.898039 0.898039 0.898039 1.000000
0.000000 0.000000 0.000000 1.000000
12.799999
1.000000
"textures\Tap Note 4th ani texture.ini"
""
"shells"
0.588235 0.588235 0.588235 1.000000
0.588235 0.588235 0.588235 1.000000
0.898039 0.898039 0.898039 1.000000
0.000000 0.000000 0.000000 1.000000
12.799999
1.000000
"textures\Tap Shell 4th ani texture.ini"
""

Bones: 0
GroupComments: 0
MaterialComments: 0
BoneComments: 0
ModelComment: 0
