// MilkShape 3D ASCII

Frames: 30
Frame: 1

Meshes: 3
"center" 0 1
9
0 0.000000 -0.000000 -1.000000 0.500000 0.092651 -1
0 -16.000000 -0.000000 -1.000000 0.500000 0.092651 -1
0 -11.310000 -11.310000 -0.999999 0.500000 0.092651 -1
0 0.000000 -16.000000 -0.999999 0.500000 0.092651 -1
0 11.310000 -11.310000 -0.999999 0.500000 0.092651 -1
0 16.000000 -0.000000 -1.000000 0.500000 0.092651 -1
0 11.310000 11.310000 -1.000001 0.500000 0.092651 -1
0 0.000000 16.000000 -1.000001 0.500000 0.092651 -1
0 -11.310000 11.310000 -1.000001 0.500000 0.092651 -1
1
-0.000000 -0.000000 1.000000
8
0 0 1 2 0 0 0 1
0 0 2 3 0 0 0 1
0 0 3 4 0 0 0 1
0 0 4 5 0 0 0 1
0 0 5 6 0 0 0 1
0 0 6 7 0 0 0 1
0 0 7 8 0 0 0 1
0 0 8 1 0 0 0 1
"outer" 0 0
144
0 13.822008 13.861124 5.305690 0.499850 0.034441 -1
0 6.770117 11.411112 -0.944002 0.409358 0.035301 -1
0 9.375907 9.386081 -0.944002 0.497290 0.035175 -1
0 3.513368 12.795875 -0.944002 0.318945 0.035699 -1
0 9.890564 16.901482 5.304676 0.390642 0.034593 -1
0 5.112814 18.910904 5.304302 0.282759 0.035079 -1
0 -9.936221 16.900299 5.305793 0.079955 0.037979 -1
0 -13.868391 13.861033 5.305690 0.066190 0.039186 -1
0 -9.376987 9.386078 -0.944002 0.133518 0.039196 -1
0 -11.402019 6.780287 -0.944000 0.145150 0.040154 -1
0 -12.786779 3.523538 -0.944000 0.181668 0.041138 -1
0 -16.908745 9.929589 5.304677 0.079945 0.040356 -1
0 -18.918171 5.151838 5.304305 0.124547 0.041531 -1
0 -16.907568 -9.897196 5.305798 0.390830 0.043739 -1
0 -13.868293 -13.829365 5.305696 0.501749 0.043889 -1
0 -9.376982 -9.366819 -0.943998 0.502897 0.043157 -1
0 -6.771192 -11.391850 -0.943998 0.590846 0.043029 -1
0 -3.514446 -12.776611 -0.943998 0.681243 0.042632 -1
0 -9.936854 -16.869722 5.304681 0.609170 0.043740 -1
0 -5.159103 -18.879147 5.304308 0.717076 0.043254 -1
0 9.889933 -16.868540 5.305799 0.919950 0.040354 -1
0 13.822101 -13.829275 5.305695 0.933757 0.039146 -1
0 9.375912 -9.366815 -0.943998 0.866552 0.039135 -1
0 11.400942 -6.761026 -0.943999 0.855721 0.038201 -1
0 12.983037 -3.545537 -0.943999 0.819535 0.037190 -1
0 16.862453 -9.897830 5.304681 0.919977 0.037975 -1
0 18.871878 -5.120080 5.304306 0.875500 0.036803 -1
0 -11.402016 -6.761031 -0.943999 0.409528 0.043029 -1
0 -12.786779 -3.504279 -0.943999 0.321250 0.042651 -1
0 -18.917097 -5.119718 5.305244 0.284398 0.043267 -1
0 11.400939 6.780289 -0.944000 0.588059 0.035291 -1
0 16.861275 9.928955 5.305795 0.607281 0.034591 -1
0 -6.771197 11.411109 -0.944002 0.145228 0.038179 -1
0 -3.514446 12.795875 -0.944002 0.179977 0.037218 -1
0 -5.158741 18.909832 5.305241 0.123313 0.036820 -1
0 -0.023106 19.595907 5.304775 0.191928 0.035842 -1
0 -0.000538 13.269929 -0.944002 0.241055 0.036346 -1
0 12.785705 3.523538 -0.944000 0.678867 0.035681 -1
0 18.870808 5.151476 5.305243 0.715488 0.035065 -1
0 -19.603174 0.015918 5.304779 0.194648 0.042520 -1
0 -13.260838 0.009632 -0.944000 0.241116 0.041986 -1
0 6.770122 -11.391846 -0.943998 0.854846 0.040151 -1
0 3.513369 -12.776612 -0.943998 0.820169 0.041112 -1
0 5.112453 -18.878078 5.305247 0.876558 0.041514 -1
0 -0.023182 -19.564150 5.304780 0.807935 0.042491 -1
0 -0.000543 -13.250668 -0.943998 0.759099 0.041984 -1
0 19.556885 0.015841 5.304778 0.805259 0.035812 -1
0 13.259760 0.009627 -0.944000 0.756985 0.036329 -1
0 -26.287382 -7.107772 -0.943998 0.258818 0.021565 -1
0 -21.540909 0.009320 7.075439 0.164798 0.020516 -1
0 -27.233829 0.009450 -0.944000 0.155085 0.020657 -1
0 27.233927 0.009454 -0.944000 0.838743 0.013227 -1
0 21.542358 0.009320 7.075439 0.829028 0.013367 -1
0 20.788143 -5.640922 7.075439 0.901429 0.014462 -1
0 7.117277 -26.277981 -0.943996 0.911618 0.019596 -1
0 0.000726 -21.532312 7.075441 0.817544 0.020644 -1
0 0.000054 -27.224426 -0.943996 0.830184 0.020753 -1
0 19.257313 -19.247807 -0.943996 0.975098 0.016942 -1
0 10.903261 -18.569614 7.075441 0.942425 0.018240 -1
0 13.740114 -23.504263 -0.943996 0.957115 0.018358 -1
0 13.740107 23.523174 -0.944004 0.381559 0.011777 -1
0 10.903255 18.588253 7.075436 0.380542 0.011975 -1
0 15.232959 15.241556 7.075437 0.496965 0.011809 -1
0 26.287483 7.126675 -0.944002 0.735009 0.012319 -1
0 7.117272 26.296890 -0.944004 0.258904 0.012318 -1
0 -20.786694 5.659562 7.075438 0.092398 0.019422 -1
0 -26.287384 7.126674 -0.944002 0.082186 0.019595 -1
0 -7.117174 26.296890 -0.944004 0.082209 0.014288 -1
0 0.000725 21.550951 7.075436 0.176283 0.013239 -1
0 0.000049 27.243332 -0.944004 0.163644 0.013131 -1
0 -19.257208 19.266712 -0.944004 0.019502 0.016875 -1
0 -15.231511 15.241554 7.075437 0.035401 0.016851 -1
0 -10.901808 18.588251 7.075436 0.051402 0.015643 -1
0 -23.513670 13.749510 -0.944002 0.034391 0.018294 -1
0 5.650967 20.796738 7.075436 0.274468 0.012432 -1
0 -5.649518 20.796736 7.075436 0.097403 0.014389 -1
0 -13.740008 23.523172 -0.944004 0.036712 0.015526 -1
0 26.287485 -7.107770 -0.943998 0.913940 0.014351 -1
0 18.579659 -10.893209 7.075441 0.942409 0.015645 -1
0 19.257309 19.266716 -0.944004 0.496956 0.011611 -1
0 18.579659 10.911854 7.075438 0.621499 0.011987 -1
0 23.513765 13.749510 -0.944002 0.623941 0.011811 -1
0 20.788141 5.659563 7.075438 0.725909 0.012488 -1
0 15.232962 -15.222913 7.075441 0.958426 0.017033 -1
0 23.513771 -13.730603 -0.943998 0.959436 0.015589 -1
0 -5.649516 -20.778101 7.075441 0.719359 0.021451 -1
0 -7.117169 -26.277983 -0.943996 0.729305 0.021591 -1
0 5.650970 -20.778101 7.075441 0.896424 0.019495 -1
0 -19.293415 -19.200884 -0.943996 0.495859 0.022272 -1
0 -18.578207 -10.893214 7.075441 0.380428 0.021909 -1
0 -23.513666 -13.730608 -0.943998 0.369887 0.022072 -1
0 -20.786692 -5.640924 7.075439 0.267917 0.021396 -1
0 -15.231504 -15.222917 7.075441 0.488751 0.022087 -1
0 -13.740003 -23.504267 -0.943996 0.618267 0.022098 -1
0 -10.901804 -18.569616 7.075441 0.613284 0.021908 -1
0 -18.578209 10.911850 7.075438 0.051418 0.018239 -1
0 5.112814 18.910904 5.304302 0.609627 0.026720 -1
0 9.890564 16.901482 5.304676 0.707975 0.026720 -1
0 10.903255 18.588253 7.075436 0.724525 0.026720 -1
0 5.650967 20.796738 7.075436 0.618242 0.026720 -1
0 -13.868391 13.861033 5.305690 0.218909 0.026720 -1
0 -9.936221 16.900299 5.305793 0.299851 0.026720 -1
0 -10.901808 18.588251 7.075436 0.283288 0.026720 -1
0 -15.231511 15.241554 7.075437 0.195674 0.026720 -1
0 -18.918171 5.151838 5.304305 0.114962 0.026720 -1
0 -16.908745 9.929589 5.304677 0.156325 0.026720 -1
0 -18.578209 10.911850 7.075438 0.127952 0.026720 -1
0 -20.786694 5.659562 7.075438 0.083262 0.026720 -1
0 -13.868293 -13.829365 5.305696 0.218911 0.026720 -1
0 -16.907568 -9.897196 5.305798 0.156349 0.026720 -1
0 -18.578207 -10.893214 7.075441 0.127952 0.026720 -1
0 -15.231504 -15.222917 7.075441 0.195674 0.026720 -1
0 -5.159103 -18.879147 5.304308 0.398185 0.026720 -1
0 -9.936854 -16.869722 5.304681 0.299838 0.026720 -1
0 -10.901804 -18.569616 7.075441 0.283288 0.026720 -1
0 -5.649516 -20.778101 7.075441 0.389571 0.026720 -1
0 13.822101 -13.829275 5.305695 0.788903 0.026720 -1
0 9.889933 -16.868540 5.305799 0.707962 0.026720 -1
0 10.903261 -18.569614 7.075441 0.724525 0.026720 -1
0 15.232962 -15.222913 7.075441 0.812139 0.026720 -1
0 18.871878 -5.120080 5.304306 0.892851 0.026720 -1
0 16.862453 -9.897830 5.304681 0.851488 0.026720 -1
0 18.579659 -10.893209 7.075441 0.879861 0.026720 -1
0 20.788143 -5.640922 7.075439 0.924551 0.026720 -1
0 13.822008 13.861124 5.305690 0.788902 0.026720 -1
0 15.232959 15.241556 7.075437 0.812139 0.026720 -1
0 -0.023106 19.595907 5.304775 0.503907 0.026720 -1
0 0.000725 21.550951 7.075436 0.503906 0.026720 -1
0 -5.158741 18.909832 5.305241 0.398193 0.026720 -1
0 -5.649518 20.796736 7.075436 0.389571 0.026720 -1
0 -19.603174 0.015918 5.304779 0.100862 0.026720 -1
0 -21.540909 0.009320 7.075439 0.068000 0.026720 -1
0 -18.917097 -5.119718 5.305244 0.114984 0.026720 -1
0 -20.786692 -5.640924 7.075439 0.083262 0.026720 -1
0 -0.023182 -19.564150 5.304780 0.503905 0.026720 -1
0 0.000726 -21.532312 7.075441 0.503906 0.026720 -1
0 5.112453 -18.878078 5.305247 0.609620 0.026720 -1
0 5.650970 -20.778101 7.075441 0.618242 0.026720 -1
0 19.556885 0.015841 5.304778 0.906951 0.026720 -1
0 21.542358 0.009320 7.075439 0.939813 0.026720 -1
0 16.861275 9.928955 5.305795 0.851463 0.026720 -1
0 18.870808 5.151476 5.305243 0.892828 0.026720 -1
0 20.788141 5.659563 7.075438 0.924551 0.026720 -1
0 18.579659 10.911854 7.075438 0.879861 0.026720 -1
96
-0.484300 -0.484400 0.728600
-0.356600 -0.606000 0.711000
-0.498200 -0.497500 0.710100
-0.186200 -0.677600 0.711500
-0.345200 -0.592200 0.728100
-0.179500 -0.661900 0.727800
0.346300 -0.593200 0.726800
0.486100 -0.486100 0.726300
0.496300 -0.496900 0.711900
0.604700 -0.355700 0.712600
0.676300 -0.185700 0.712800
0.594000 -0.346500 0.726000
0.663600 -0.180300 0.726100
0.593400 0.345800 0.726800
0.485900 0.485200 0.726900
0.497100 0.496800 0.711400
0.356000 0.605600 0.711700
0.185800 0.677600 0.711500
0.346200 0.592600 0.727200
0.180200 0.661700 0.727800
-0.344500 0.591200 0.729200
-0.483600 0.484100 0.729200
-0.498000 0.498400 0.709600
-0.596600 0.374400 0.709800
-0.686700 0.180200 0.704300
-0.591600 0.347800 0.727300
-0.664000 0.178200 0.726200
0.605700 0.356100 0.711500
0.677000 0.186300 0.712000
0.663000 0.180100 0.726600
-0.607400 -0.356800 0.709700
-0.591000 -0.345000 0.729200
0.355900 -0.605800 0.711600
0.186200 -0.677500 0.711600
0.180500 -0.662300 0.727200
0.000500 -0.686200 0.727400
-0.000000 -0.702600 0.711600
-0.679200 -0.186700 0.709800
-0.660000 -0.179700 0.729500
0.687400 -0.000000 0.726200
0.701700 0.000300 0.712500
-0.357100 0.607300 0.709700
-0.186800 0.678700 0.710200
-0.179400 0.660700 0.728900
0.000200 0.685200 0.728300
-0.000400 0.703300 0.710900
-0.684000 -0.000200 0.729500
-0.709700 -0.013900 0.704400
-0.787200 -0.213000 0.578800
-0.167800 0.000200 0.985800
-0.815400 0.000100 0.578900
0.815400 -0.000100 0.578800
0.173400 -0.000000 0.984800
0.167500 -0.045600 0.984800
0.213100 -0.787200 0.578700
-0.000400 -0.171400 0.985200
-0.000100 -0.815400 0.578900
0.576800 -0.576600 0.578700
0.086300 -0.148300 0.985200
0.410100 -0.705000 0.578600
0.409900 0.704800 0.578900
0.085500 0.147300 0.985400
0.119800 0.120400 0.985500
0.787200 0.213100 0.578700
0.213100 0.787000 0.579000
-0.161800 0.044100 0.985800
-0.787000 0.213100 0.579000
-0.213100 0.787200 0.578800
-0.000200 0.169900 0.985500
0.000100 0.815400 0.578900
-0.576700 0.576600 0.578700
-0.117500 0.117000 0.986200
-0.084600 0.144500 0.985900
-0.704800 0.409900 0.579000
0.044500 0.164700 0.985300
-0.044600 0.163200 0.985600
-0.410100 0.705000 0.578700
0.787000 -0.213100 0.579000
0.148900 -0.086900 0.985000
0.576600 0.576800 0.578700
0.148100 0.086700 0.985200
0.705000 0.410100 0.578600
0.167100 0.045500 0.984900
0.120900 -0.120900 0.985300
0.704900 -0.409900 0.578900
-0.045200 -0.164600 0.985300
-0.213100 -0.787000 0.579000
0.044800 -0.166200 0.985100
-0.577700 -0.576100 0.578200
-0.144800 -0.084200 0.985900
-0.705000 -0.410100 0.578700
-0.162300 -0.043900 0.985800
-0.118200 -0.118100 0.985900
-0.410500 -0.704700 0.578700
-0.085300 -0.145700 0.985700
-0.144100 0.083900 0.986000
144
0 0 1 2 0 1 2 1
0 3 4 5 3 4 5 1
0 6 7 8 6 7 8 1
0 7 9 8 7 9 8 1
0 10 11 12 10 11 12 1
0 13 14 15 13 14 15 1
0 14 16 15 14 16 15 1
0 17 18 19 17 18 19 1
0 20 21 22 20 21 22 1
0 21 23 22 21 23 22 1
0 24 25 26 24 25 26 1
0 27 28 29 27 28 29 1
0 0 4 1 0 4 1 1
0 30 31 2 30 31 2 1
0 32 33 34 32 33 34 1
0 5 35 36 5 35 36 1
0 3 1 4 3 1 4 1
0 5 36 3 5 36 3 1
0 6 32 34 6 32 34 1
0 35 34 33 35 34 33 1
0 36 35 33 36 35 33 1
0 7 11 9 7 11 9 1
0 32 6 8 32 6 8 1
0 30 37 38 30 37 38 1
0 12 39 40 12 39 40 1
0 10 9 11 10 9 11 1
0 12 40 10 12 40 10 1
0 13 27 29 13 27 29 1
0 39 29 28 39 29 28 1
0 40 39 28 40 39 28 1
0 14 18 16 14 18 16 1
0 27 13 15 27 13 15 1
0 41 42 43 41 42 43 1
0 19 44 45 19 44 45 1
0 17 16 18 17 16 18 1
0 19 45 17 19 45 17 1
0 20 41 43 20 41 43 1
0 44 43 42 44 43 42 1
0 45 44 42 45 44 42 1
0 21 25 23 21 25 23 1
0 41 20 22 41 20 22 1
0 26 46 47 26 46 47 1
0 24 23 25 24 23 25 1
0 26 47 24 26 47 24 1
0 31 30 38 31 30 38 1
0 46 38 37 46 38 37 1
0 47 46 37 47 46 37 1
0 31 0 2 31 0 2 1
0 48 49 50 48 49 50 1
0 51 52 53 51 52 53 1
0 54 55 56 54 55 56 1
0 57 58 59 57 58 59 1
0 60 61 62 60 61 62 1
0 63 52 51 63 52 51 1
0 61 60 64 61 60 64 1
0 65 66 50 65 66 50 1
0 67 68 69 67 68 69 1
0 70 71 72 70 71 72 1
0 71 70 73 71 70 73 1
0 74 64 69 74 64 69 1
0 75 76 72 75 76 72 1
0 77 53 78 77 53 78 1
0 79 80 81 79 80 81 1
0 82 81 80 82 81 80 1
0 83 57 84 83 57 84 1
0 85 86 56 85 86 56 1
0 87 59 58 87 59 58 1
0 88 89 90 88 89 90 1
0 91 90 89 91 90 89 1
0 92 88 93 92 88 93 1
0 48 91 49 48 91 49 1
0 94 92 93 94 92 93 1
0 66 65 95 66 65 95 1
0 73 66 95 73 66 95 1
0 94 93 86 94 93 86 1
0 85 94 86 85 94 86 1
0 54 87 55 54 87 55 1
0 57 83 58 57 83 58 1
0 77 51 53 77 51 53 1
0 63 82 52 63 82 52 1
0 79 60 62 79 60 62 1
0 74 61 64 74 61 64 1
0 67 75 68 67 75 68 1
0 72 76 70 72 76 70 1
0 49 65 50 49 65 50 1
0 95 71 73 95 71 73 1
0 75 67 76 75 67 76 1
0 68 74 69 68 74 69 1
0 79 62 80 79 62 80 1
0 82 63 81 82 63 81 1
0 84 77 78 84 77 78 1
0 78 83 84 78 83 84 1
0 87 54 59 87 54 59 1
0 55 85 56 55 85 56 1
0 88 92 89 88 92 89 1
0 91 48 90 91 48 90 1
0 96 97 98 5 4 61 1
0 96 98 99 5 61 74 1
0 100 101 102 7 6 72 1
0 100 102 103 7 72 71 1
0 104 105 106 12 11 95 1
0 104 106 107 12 95 65 1
0 108 109 110 14 13 89 1
0 108 110 111 14 89 92 1
0 112 113 114 19 18 94 1
0 112 114 115 19 94 85 1
0 116 117 118 21 20 58 1
0 116 118 119 21 58 83 1
0 120 121 122 26 25 78 1
0 120 122 123 26 78 53 1
0 97 124 125 4 0 62 1
0 97 125 98 4 62 61 1
0 126 96 99 35 5 74 1
0 126 99 127 35 74 68 1
0 101 128 129 6 34 75 1
0 101 129 102 6 75 72 1
0 128 126 127 34 35 68 1
0 128 127 129 34 68 75 1
0 105 100 103 11 7 71 1
0 105 103 106 11 71 95 1
0 130 104 107 39 12 65 1
0 130 107 131 39 65 49 1
0 109 132 133 13 29 91 1
0 109 133 110 13 91 89 1
0 132 130 131 29 39 49 1
0 132 131 133 29 49 91 1
0 113 108 111 18 14 92 1
0 113 111 114 18 92 94 1
0 134 112 115 44 19 85 1
0 134 115 135 44 85 55 1
0 117 136 137 20 43 87 1
0 117 137 118 20 87 58 1
0 136 134 135 43 44 55 1
0 136 135 137 43 55 87 1
0 121 116 119 25 21 83 1
0 121 119 122 25 83 78 1
0 138 120 123 46 26 53 1
0 138 123 139 46 53 52 1
0 140 141 142 31 38 82 1
0 140 142 143 31 82 80 1
0 141 138 139 38 46 52 1
0 141 139 142 38 52 82 1
0 124 140 143 0 31 80 1
0 124 143 125 0 80 62 1
"spikes" 0 0
60
0 2.450001 28.955191 5.200000 0.052113 0.060471 0
0 -2.450001 28.955191 5.200000 0.194888 0.060471 0
0 -0.000003 25.940945 8.021700 0.052113 0.060471 0
0 -2.450000 9.900000 -0.943999 0.788358 0.060244 0
0 2.450000 9.900000 -0.943999 0.943335 0.060244 0
0 -0.000002 12.445406 5.000000 0.943335 0.060244 0
0 -2.444383 19.916344 7.021667 0.329057 0.060726 0
0 -0.003654 19.942930 9.800000 0.438413 0.060726 0
0 -0.000003 25.940945 8.021700 0.438413 0.060726 0
0 -2.450001 28.955191 5.200000 0.329057 0.060726 0
0 -0.000002 12.445406 5.000000 0.329057 0.060726 0
0 -2.444383 19.916344 7.021667 0.438413 0.060726 0
0 -2.450000 9.900000 -0.943999 0.329057 0.060726 0
0 2.450000 9.900000 -0.943999 0.540761 0.060242 0
0 2.467758 19.913225 7.021667 0.688668 0.060242 0
0 -0.003654 19.942930 9.800000 0.688668 0.060242 0
0 -0.000002 12.445406 5.000000 0.540761 0.060242 0
0 2.450001 28.955191 5.200000 0.540761 0.060242 0
0 -0.000003 25.940945 8.021700 0.688668 0.060242 0
0 2.467758 19.913225 7.021667 0.540761 0.060242 0
0 23.850929 -16.599358 5.200000 0.825550 0.064287 0
0 26.300928 -12.355833 5.200000 0.968325 0.064287 0
0 22.465517 -12.970470 8.021700 0.825550 0.064287 0
0 9.798652 -2.828238 -0.943999 0.036405 0.064151 0
0 7.348651 -7.071762 -0.943999 0.191382 0.064151 0
0 10.778038 -6.222702 5.000000 0.191382 0.064151 0
0 18.470253 -7.841274 7.021667 0.329057 0.064144 0
0 17.272911 -9.968301 9.800000 0.438413 0.064144 0
0 22.465517 -12.970470 8.021700 0.438413 0.064144 0
0 26.300928 -12.355833 5.200000 0.329057 0.064144 0
0 10.778038 -6.222702 5.000000 0.329057 0.064144 0
0 18.470253 -7.841274 7.021667 0.438413 0.064144 0
0 9.798652 -2.828238 -0.943999 0.329057 0.064144 0
0 7.348651 -7.071762 -0.943999 0.540761 0.064636 0
0 16.011480 -12.093754 7.021667 0.688668 0.064636 0
0 17.272911 -9.968301 9.800000 0.688668 0.064636 0
0 10.778038 -6.222702 5.000000 0.540761 0.064636 0
0 23.850929 -16.599358 5.200000 0.540761 0.064636 0
0 22.465517 -12.970470 8.021700 0.688668 0.064636 0
0 16.011480 -12.093754 7.021667 0.540761 0.064636 0
0 -26.300930 -12.355835 5.200000 0.052113 0.067795 0
0 -23.850929 -16.599360 5.200000 0.194888 0.067795 0
0 -22.465515 -12.970474 8.021700 0.052113 0.067795 0
0 -7.348651 -7.071763 -0.943999 0.788358 0.068301 0
0 -9.798652 -2.828238 -0.943999 0.943335 0.068301 0
0 -10.778036 -6.222704 5.000000 0.943335 0.068301 0
0 -16.025867 -12.075072 7.021667 0.536088 0.068050 0
0 -17.269257 -9.974628 9.800000 0.645445 0.068050 0
0 -22.465515 -12.970474 8.021700 0.645445 0.068050 0
0 -23.850929 -16.599360 5.200000 0.536088 0.068050 0
0 -10.778036 -6.222704 5.000000 0.536088 0.068050 0
0 -16.025867 -12.075072 7.021667 0.645445 0.068050 0
0 -7.348651 -7.071763 -0.943999 0.536088 0.068050 0
0 -9.798652 -2.828238 -0.943999 0.300527 0.068054 0
0 -18.479237 -7.819471 7.021667 0.448433 0.068054 0
0 -17.269257 -9.974628 9.800000 0.448433 0.068054 0
0 -10.778036 -6.222704 5.000000 0.300527 0.068054 0
0 -26.300930 -12.355835 5.200000 0.300527 0.068054 0
0 -22.465515 -12.970474 8.021700 0.448433 0.068054 0
0 -18.479237 -7.819471 7.021667 0.300527 0.068054 0
18
-0.000000 0.683400 0.730000
-0.000000 -0.919300 0.393700
-0.696800 0.166900 0.697600
-0.749300 -0.390000 0.535200
0.746800 -0.392200 0.537100
0.694300 0.168100 0.699800
0.591800 -0.341700 0.730000
-0.796100 0.459600 0.393700
0.492900 0.520000 0.697600
0.036900 0.843900 0.535200
-0.713000 -0.450600 0.537100
-0.201500 -0.685400 0.699800
-0.591800 -0.341700 0.730000
0.796100 0.459600 0.393700
0.203800 -0.686900 0.697600
0.712400 -0.454000 0.535200
-0.033700 0.842800 0.537100
-0.492800 0.517200 0.699800
30
0 0 1 2 0 0 0 1
0 3 4 5 1 1 1 1
0 6 7 8 2 2 2 1
0 6 8 9 2 2 2 1
0 10 7 11 3 3 3 1
0 10 11 12 3 3 3 1
0 13 14 15 4 4 4 1
0 13 15 16 4 4 4 1
0 17 18 15 5 5 5 1
0 17 15 19 5 5 5 1
0 20 21 22 6 6 6 1
0 23 24 25 7 7 7 1
0 26 27 28 8 8 8 1
0 26 28 29 8 8 8 1
0 30 27 31 9 9 9 1
0 30 31 32 9 9 9 1
0 33 34 35 10 10 10 1
0 33 35 36 10 10 10 1
0 37 38 35 11 11 11 1
0 37 35 39 11 11 11 1
0 40 41 42 12 12 12 1
0 43 44 45 13 13 13 1
0 46 47 48 14 14 14 1
0 46 48 49 14 14 14 1
0 50 47 51 15 15 15 1
0 50 51 52 15 15 15 1
0 53 54 55 16 16 16 1
0 53 55 56 16 16 16 1
0 57 58 55 17 17 17 1
0 57 55 59 17 17 17 1

Materials: 2
"white outer"
0.000000 0.000000 0.000000 1.000000
1.000000 1.000000 1.000000 1.000000
1.000000 1.000000 1.000000 1.000000
0.000000 0.000000 0.000000 1.000000
0.000000
1.000000
"_mine tex.png"
""
"red middle"
1.000000 1.000000 1.000000 1.000000
1.000000 1.000000 1.000000 1.000000
0.898039 0.898039 0.898039 1.000000
0.000000 0.000000 0.000000 1.000000
12.799999
1.000000
"_mine ani tex.ini"
""

Bones: 1
"joint1"
""
0 0 0 0 0 0 0
2
1.000000 0.000000 0.000000 0.000000
120.000000 0.000000 0.000000 0.000000
3
1.000000 0.000000 0.000000 0.000000
60.000000 0.000000 0.000000 3.1
120.000000 0.000000 0.000000 6.2

GroupComments: 0
MaterialComments: 0
BoneComments: 0
ModelComment: 0
