// MilkShape 3D ASCII

Frames: 30
Frame: 1

Meshes: 3
"center" 0 1
9
0 0.000000 -0.000000 -1.000000 0.500000 0.094201 -1
0 -16.000000 -0.000000 -1.000000 0.000000 0.094201 -1
0 -11.310000 -11.310000 -0.999999 0.000000 0.094201 -1
0 0.000000 -16.000000 -0.999999 0.000000 0.094201 -1
0 11.310000 -11.310000 -0.999999 0.000000 0.094201 -1
0 16.000000 -0.000000 -1.000000 0.000000 0.094201 -1
0 11.310000 11.310000 -1.000001 0.000000 0.094201 -1
0 0.000000 16.000000 -1.000001 0.000000 0.094201 -1
0 -11.310000 11.310000 -1.000001 0.000000 0.094201 -1
1
-0.000000 -0.000000 1.000000
8
0 0 1 2 0 0 0 1
0 0 2 3 0 0 0 1
0 0 3 4 0 0 0 1
0 0 4 5 0 0 0 1
0 0 5 6 0 0 0 1
0 0 6 7 0 0 0 1
0 0 7 8 0 0 0 1
0 0 8 1 0 0 0 1
"outer" 0 0
248
0 -24.511286 6.508721 1.222517 0.980567 0.018651 0
0 -17.517628 10.124799 7.021670 0.982791 0.010647 0
0 -21.960108 12.689558 1.222168 0.989428 0.018652 0
0 21.969631 -12.673226 1.222155 0.479239 0.018652 0
0 17.527145 -10.108312 7.021670 0.530833 0.010840 0
0 14.260142 -14.350129 7.021670 0.537958 0.010840 0
0 -6.495784 -24.507883 1.222505 0.667667 0.018651 0
0 -10.111794 -17.514143 7.021672 0.734334 0.010840 0
0 -12.676617 -21.956703 1.222157 0.734333 0.018652 0
0 6.569077 -24.490341 1.221222 0.553956 0.018653 0
0 0.147907 -20.224363 7.021672 0.631339 0.010840 0
0 0.141032 -25.354733 1.222105 0.605599 0.018652 0
0 22.037003 12.571115 1.221297 0.400415 0.010820 0
0 17.598282 10.000580 7.021667 0.374386 0.018633 0
0 19.548443 5.244960 7.021668 0.415754 0.018633 0
0 24.520817 -6.492397 1.222506 0.519255 0.010822 0
0 17.527145 -10.108312 7.021670 0.476036 0.018633 0
0 21.969631 -12.673226 1.222155 0.528217 0.010822 0
0 17.985422 17.895317 1.221837 0.337643 0.010821 0
0 -14.250623 14.366616 7.021668 0.071609 0.018633 0
0 -17.882385 17.988813 1.221842 0.021192 0.010821 0
0 -21.960108 12.689558 1.222168 0.012222 0.010822 0
0 6.505334 24.524231 1.222517 0.202794 0.010822 0
0 10.121314 17.530630 7.021667 0.270219 0.018633 0
0 12.686168 21.973040 1.222166 0.270220 0.010822 0
0 -6.559540 24.506685 1.221237 0.087789 0.010820 0
0 -5.231956 19.551929 7.021668 0.124685 0.018633 0
0 -0.138388 20.240847 7.021667 0.166053 0.018633 0
0 -12.558185 22.040401 1.221304 0.047488 0.010820 0
0 14.363132 14.263626 7.021667 0.324204 0.018633 0
0 5.171094 19.570648 7.021667 0.216235 0.018633 0
0 -0.131485 25.371080 1.222118 0.140020 0.010822 0
0 17.891911 -17.972479 1.221828 0.488108 0.018652 0
0 9.997095 -17.585278 7.021672 0.558822 0.010840 0
0 24.503286 6.572474 1.221227 0.452651 0.010820 0
0 20.237364 0.151390 7.021668 0.447729 0.018633 0
0 25.367670 0.144419 1.222108 0.492960 0.010821 0
0 19.567165 -5.158092 7.021668 0.468830 0.018633 0
0 5.241477 -19.535440 7.021672 0.590437 0.010840 0
0 12.567718 -22.024057 1.221288 0.514108 0.018653 0
0 -14.353613 -14.247141 7.021672 0.787711 0.010840 0
0 -17.975868 -17.878983 1.221832 0.800998 0.018652 0
0 -5.161576 -19.554165 7.021672 0.680957 0.010840 0
0 -24.502026 -6.499716 1.221837 0.915068 0.018652 0
0 -20.227844 -0.134905 7.021672 0.909847 0.010840 0
0 -25.358135 -0.128098 1.222115 0.954567 0.018652 0
0 -19.557648 5.174578 7.021670 0.930710 0.010840 0
0 -19.538921 -5.228474 7.021672 0.878231 0.010840 0
0 -22.027435 -12.556933 1.222416 0.863053 0.018651 0
0 -17.588762 -9.984096 7.021672 0.837329 0.010840 0
0 -9.987576 17.601765 7.021668 0.092709 0.018633 0
0 -17.517628 10.124799 7.021670 0.014598 0.018511 0
0 15.982383 9.104113 5.358469 0.707975 0.026720 0
0 14.363132 14.263626 7.021667 0.618242 0.026720 0
0 13.039748 12.982384 5.358119 0.609627 0.026720 0
0 -0.145670 18.414366 5.359519 0.299851 0.026720 0
0 -5.231956 19.551929 7.021668 0.195674 0.026720 0
0 -4.771498 17.788826 5.359423 0.218909 0.026720 0
0 -9.090899 16.018747 5.358471 0.156325 0.026720 0
0 -14.250623 14.366616 7.021668 0.083262 0.026720 0
0 -12.969172 13.076113 5.358121 0.114962 0.026720 0
0 -17.775608 -4.735134 5.359427 0.218911 0.026720 0
0 -20.227844 -0.134905 7.021672 0.127952 0.026720 0
0 -19.538921 -5.228474 7.021672 0.195674 0.026720 0
0 -13.062900 -12.932806 5.358124 0.398185 0.026720 0
0 -17.588762 -9.984096 7.021672 0.283288 0.026720 0
0 -14.353613 -14.247141 7.021672 0.389571 0.026720 0
0 4.748346 -17.739246 5.359426 0.788903 0.026720 0
0 0.147907 -20.224363 7.021672 0.724525 0.026720 0
0 5.241477 -19.535440 7.021672 0.812139 0.026720 0
0 12.946017 -13.026533 5.358122 0.892851 0.026720 0
0 9.997095 -17.585278 7.021672 0.879861 0.026720 0
0 14.260142 -14.350129 7.021670 0.924551 0.026720 0
0 17.752460 4.784711 5.359423 0.788902 0.026720 0
0 17.598282 10.000580 7.021667 0.724525 0.026720 0
0 10.121314 17.530630 7.021667 0.503906 0.026720 0
0 9.183785 15.951551 5.358562 0.503907 0.026720 0
0 4.684159 17.805321 5.359000 0.398193 0.026720 0
0 -0.138388 20.240847 7.021667 0.283288 0.026720 0
0 5.171094 19.570648 7.021667 0.389571 0.026720 0
0 -9.987576 17.601765 7.021668 0.127952 0.026720 0
0 -15.938338 9.220152 5.358566 0.100862 0.026720 0
0 -17.517628 10.124799 7.021670 0.068000 0.026720 0
0 -18.401155 -0.109302 5.359524 0.156349 0.026720 0
0 -19.557648 5.174578 7.021670 0.083262 0.026720 0
0 -17.792109 4.720524 5.359004 0.114984 0.026720 0
0 -16.005535 -9.054536 5.358475 0.299838 0.026720 0
0 -9.206937 -15.901973 5.358568 0.503905 0.026720 0
0 -10.111794 -17.514143 7.021672 0.503906 0.026720 0
0 0.122518 -18.364790 5.359525 0.707962 0.026720 0
0 -5.161576 -19.554165 7.021672 0.618242 0.026720 0
0 -4.707313 -17.755749 5.359006 0.609620 0.026720 0
0 9.067744 -15.969168 5.358474 0.851488 0.026720 0
0 17.527145 -10.108312 7.021670 0.939813 0.026720 0
0 15.915186 -9.170573 5.358566 0.906951 0.026720 0
0 17.768955 -4.670946 5.359003 0.892828 0.026720 0
0 20.237364 0.151390 7.021668 0.879861 0.026720 0
0 18.378002 0.158883 5.359520 0.851463 0.026720 0
0 19.567165 -5.158092 7.021668 0.924551 0.026720 0
0 19.548443 5.244960 7.021668 0.812139 0.026720 0
0 13.520448 3.630504 0.193554 0.505102 0.049664 0
0 10.811357 6.071746 -0.944002 0.421819 0.049664 0
0 11.974003 3.215394 -0.944002 0.507847 0.049664 0
0 -3.618237 13.527924 0.190770 0.141330 0.049664 0
0 -6.058742 10.814840 -0.944000 0.171234 0.049664 0
0 -3.202392 11.977486 -0.944002 0.160493 0.049664 0
0 -13.514038 -3.613531 0.191538 0.510710 0.049664 0
0 -10.801836 -6.055260 -0.943998 0.593806 0.049664 0
0 -11.964481 -3.198911 -0.943998 0.507777 0.049664 0
0 6.777207 -12.234954 0.184985 0.863534 0.049664 0
0 3.211911 -11.961000 -0.943998 0.855131 0.049664 0
0 3.625793 -13.506557 0.194323 0.874365 0.049664 0
0 -13.989643 -0.158051 0.192365 0.417341 0.049664 0
0 -11.984761 3.138735 -0.943999 0.336005 0.049664 0
0 -13.537230 3.544704 0.192432 0.329062 0.049664 0
0 12.395297 0.160398 -0.944000 0.593788 0.049664 0
0 13.995047 0.175583 0.195208 0.595871 0.049664 0
0 -0.162543 14.002752 0.192321 0.153040 0.049664 0
0 3.135253 11.997765 -0.944002 0.205901 0.049664 0
0 3.540009 13.549534 0.193138 0.187790 0.049664 0
0 12.206319 6.861062 0.192855 0.417170 0.049664 0
0 8.822742 8.714091 -0.944002 0.335999 0.049664 0
0 9.963304 9.841311 0.192924 0.326758 0.049664 0
0 6.200496 10.739571 -0.944002 0.262148 0.049664 0
0 7.001815 12.128756 0.192976 0.248867 0.049664 0
0 -0.147396 12.398781 -0.944002 0.171261 0.049664 0
0 11.994280 -3.122252 -0.944000 0.679620 0.049664 0
0 13.542025 -3.526159 0.195933 0.686680 0.049664 0
0 -6.849359 12.213221 0.190359 0.152963 0.049664 0
0 -8.701088 8.826224 -0.944000 0.205880 0.049664 0
0 -12.117058 7.007103 0.191556 0.248929 0.049664 0
0 -9.829827 9.969404 0.190892 0.189481 0.049664 0
0 -10.726569 6.203980 -0.944000 0.262214 0.049664 0
0 -12.385779 -0.143915 -0.943999 0.421921 0.049664 0
0 0.171091 -13.981937 0.195251 0.862658 0.049664 0
0 -3.125735 -11.981278 -0.943998 0.809724 0.049664 0
0 -3.530857 -13.529728 0.195224 0.827982 0.049664 0
0 -12.198769 -6.844082 0.191798 0.598659 0.049664 0
0 -8.813223 -8.697603 -0.943998 0.679626 0.049664 0
0 -6.992651 -12.110151 0.194060 0.766912 0.049664 0
0 -9.954737 -9.823746 0.192928 0.689055 0.049664 0
0 -6.190980 -10.723083 -0.943998 0.753476 0.049664 0
0 0.156917 -12.382295 -0.943998 0.844364 0.049664 0
0 8.851027 -8.935333 -0.943999 0.809745 0.049664 0
0 6.068261 -10.798355 -0.943999 0.844391 0.049664 0
0 12.129992 -6.890088 0.222049 0.764797 0.049664 0
0 9.944778 -10.146064 0.263601 0.827347 0.049664 0
0 10.736086 -6.187497 -0.944000 0.753411 0.049664 0
0 -21.960108 12.689558 1.222168 0.192793 0.002781 0
0 -26.319427 6.988181 -0.943998 0.281691 0.002781 0
0 -24.511286 6.508721 1.222517 0.286269 0.002781 0
0 -12.676617 -21.956703 1.222157 0.801134 0.002781 0
0 -6.975249 -26.316038 -0.943996 0.882659 0.002781 0
0 -6.495784 -24.507883 1.222505 0.874515 0.002781 0
0 0.141032 -25.354733 1.222105 0.915513 0.002781 0
0 7.053419 -26.297745 -0.943996 0.941068 0.002781 0
0 6.569077 -24.490341 1.221222 0.931718 0.002781 0
0 21.969631 -12.673226 1.222155 0.808847 0.002781 0
0 26.328964 -6.971861 -0.944002 0.719949 0.002781 0
0 24.520817 -6.492397 1.222506 0.715371 0.002781 0
0 17.985422 17.895317 1.221837 0.286346 0.002781 0
0 23.660870 13.501613 -0.944004 0.389100 0.002781 0
0 19.312185 19.215139 -0.944004 0.281690 0.002781 0
0 12.686168 21.973040 1.222166 0.200506 0.002781 0
0 6.984793 26.332363 -0.944004 0.118981 0.002781 0
0 6.505334 24.524231 1.222517 0.127124 0.002781 0
0 -12.558185 22.040401 1.221304 0.084035 0.002781 0
0 -7.043875 26.314066 -0.944004 0.060571 0.002781 0
0 -13.488681 23.664261 -0.944002 0.074983 0.002781 0
0 13.621710 23.593391 -0.944004 0.189517 0.002781 0
0 25.367670 0.144419 1.222108 0.615286 0.002781 0
0 26.310677 7.056810 -0.944004 0.500819 0.002781 0
0 24.503286 6.572474 1.221227 0.500858 0.002781 0
0 12.567718 -22.024057 1.221288 0.917605 0.002781 0
0 13.498221 -23.647938 -0.943998 0.926657 0.002781 0
0 -17.975868 -17.878983 1.221832 0.710231 0.002781 0
0 -13.612167 -23.577070 -0.943996 0.812122 0.002781 0
0 -25.358135 -0.128098 1.222115 0.386355 0.002781 0
0 -26.309031 -6.981745 -0.943996 0.499870 0.002781 0
0 -24.502026 -6.499716 1.221837 0.499870 0.002781 0
0 -22.027435 -12.556933 1.222416 0.610173 0.002781 0
0 -23.651325 -13.485290 -0.943996 0.612540 0.002781 0
0 -17.882385 17.988813 1.221842 0.127104 0.002781 0
0 -19.202204 19.315575 -0.944002 0.118981 0.002781 0
0 -19.302643 -19.198816 -0.943996 0.719949 0.002781 0
0 17.891911 -17.972479 1.221828 0.876607 0.002781 0
0 23.589998 -13.608777 -0.944000 0.812122 0.002781 0
0 22.037003 12.571115 1.221297 0.396873 0.002781 0
0 -0.131485 25.371080 1.222118 0.086127 0.002781 0
0 -6.559540 24.506685 1.221237 0.070618 0.002781 0
0 -0.137610 27.241669 -0.944004 0.074983 0.002781 0
0 27.238274 0.150542 -0.944002 0.612540 0.002781 0
0 19.211742 -19.299253 -0.943998 0.882658 0.002781 0
0 0.147157 -27.225346 -0.943996 0.926657 0.002781 0
0 -27.228737 -0.134222 -0.943998 0.389100 0.002781 0
0 -23.580463 13.625100 -0.944000 0.189517 0.002781 0
0 -4.732549 17.766438 5.359423 0.096596 0.040455 0
0 -3.616117 13.524302 0.193554 0.139118 0.034657 0
0 -0.161307 14.001513 0.192855 0.177033 0.034656 0
0 3.541174 13.549129 0.192924 0.224301 0.034656 0
0 4.723198 17.783945 5.358119 0.209240 0.040454 0
0 -0.106798 18.393204 5.358469 0.147445 0.040454 0
0 16.020144 9.081031 5.359519 0.403884 0.040455 0
0 13.524644 3.630477 0.190770 0.411652 0.034654 0
0 17.791325 4.762175 5.359423 0.454743 0.040455 0
0 14.001637 0.174892 0.190359 0.441133 0.034653 0
0 13.548672 -3.528178 0.190892 0.461227 0.034654 0
0 17.808832 -4.693573 5.358121 0.520056 0.040454 0
0 18.418091 0.136425 5.358471 0.494066 0.040454 0
0 9.105921 -15.990520 5.359524 0.501486 0.034481 0
0 3.627610 -13.510265 0.191538 0.585812 0.040282 0
0 4.787057 -17.761694 5.359427 0.541710 0.034481 0
0 0.172236 -13.986485 0.191798 0.624622 0.040282 0
0 -3.530245 -13.532928 0.192928 0.672998 0.040280 0
0 -4.668687 -17.779207 5.358124 0.656974 0.034483 0
0 0.161311 -18.388468 5.358475 0.593742 0.034482 0
0 -15.965633 -9.076291 5.359525 0.856144 0.034481 0
0 -13.509918 -3.613251 0.194323 0.864666 0.040279 0
0 -17.736813 -4.757436 5.359426 0.908185 0.034481 0
0 -13.984384 -0.248244 0.184985 0.894164 0.040289 0
0 -13.759138 3.539400 0.263601 0.918100 0.040201 0
0 -17.754318 4.698311 5.358122 0.975018 0.034483 0
0 -18.363575 -0.131687 5.358474 0.948424 0.034482 0
0 6.857946 -12.194413 0.192365 0.555663 0.040281 0
0 12.984149 -13.048155 5.359004 0.474891 0.034482 0
0 9.838419 -9.951234 0.192432 0.535097 0.040281 0
0 -6.845464 12.207859 0.195208 0.109670 0.034659 0
0 -9.051405 15.995258 5.359520 0.057286 0.040455 0
0 12.208012 6.860610 0.192321 0.373710 0.034656 0
0 13.077780 12.959262 5.359000 0.342092 0.040455 0
0 9.964235 9.840505 0.193138 0.326435 0.034657 0
0 7.002903 12.128127 0.192976 0.275368 0.034656 0
0 9.222554 15.929168 5.358562 0.275668 0.040454 0
0 -12.929637 13.052894 5.359003 0.031295 0.040455 0
0 -9.824755 9.964659 0.195933 0.089585 0.034660 0
0 12.126858 -6.990129 0.191556 0.468108 0.034655 0
0 15.954056 -9.192928 5.358566 0.528916 0.040454 0
0 15.954056 -9.192928 5.358566 0.465811 0.034482 0
0 12.126858 -6.990129 0.191556 0.528033 0.040282 0
0 -12.194259 -6.842800 0.195251 0.825858 0.040278 0
0 -13.023272 -12.954528 5.359006 0.792916 0.034482 0
0 -9.951660 -9.822676 0.195224 0.777498 0.040278 0
0 -6.991373 -12.110889 0.194060 0.725253 0.040279 0
0 -9.168042 -15.924429 5.358568 0.724947 0.034482 0
0 -12.031987 7.059838 0.222049 0.980537 0.040248 0
0 -15.899543 9.197668 5.358566 0.984084 0.034482 0
0 -15.899543 9.197668 5.358566 0.022421 0.040454 0
0 -12.031987 7.059838 0.222049 0.020763 0.034689 0
190
-0.728000 0.193100 0.657800
-0.097400 0.056400 0.993600
-0.652200 0.376600 0.657900
0.652200 -0.376600 0.657900
0.102300 -0.059100 0.993000
0.083200 -0.084000 0.993000
-0.193100 -0.728000 0.657800
-0.058400 -0.100400 0.993200
-0.376600 -0.652200 0.657900
0.195000 -0.727400 0.657900
0.000400 -0.116400 0.993200
0.002600 -0.753200 0.657800
0.653400 0.374300 0.658000
0.099700 0.057400 0.993400
0.110700 0.030100 0.993400
0.728000 -0.193100 0.657800
0.533900 0.531000 0.658000
-0.079100 0.079900 0.993700
-0.531000 0.533900 0.658000
0.193100 0.728000 0.657800
0.057100 0.099300 0.993400
0.376600 0.652200 0.657900
-0.195000 0.727400 0.657900
-0.028900 0.106900 0.993800
-0.000800 0.112200 0.993700
-0.374300 0.653400 0.658000
0.081700 0.081400 0.993300
0.028800 0.110100 0.993500
-0.002600 0.753200 0.657800
0.531000 -0.533900 0.658000
0.058000 -0.101700 0.993100
0.727400 0.195000 0.657900
0.116300 0.000800 0.993200
0.753200 0.002600 0.657800
0.113900 -0.030000 0.993000
0.030000 -0.111800 0.993300
0.374300 -0.653400 0.658000
-0.082200 -0.080900 0.993300
-0.533900 -0.531100 0.658000
-0.030200 -0.112900 0.993100
-0.728000 -0.194100 0.657500
-0.112300 -0.000300 0.993700
-0.753200 -0.002500 0.657800
-0.109100 0.029000 0.993600
-0.108100 -0.028900 0.993700
-0.653800 -0.374000 0.657800
-0.098600 -0.056100 0.993500
-0.055400 0.096700 0.993800
-0.580700 -0.332300 0.743200
-0.475200 -0.472600 0.742100
0.003400 -0.673100 0.739600
0.174700 -0.651000 0.738700
0.334800 -0.585800 0.738000
0.475600 -0.478900 0.737900
0.649400 0.173300 0.740400
0.476000 0.471900 0.742200
-0.171900 0.643300 0.746100
-0.468900 0.472300 0.746300
-0.644800 -0.173200 0.744500
-0.335100 -0.581700 0.741200
-0.171100 -0.650100 0.740400
0.584200 -0.337400 0.738200
0.673000 0.002600 0.739600
0.651500 -0.172300 0.738800
0.583200 0.332500 0.741100
0.334800 0.579000 0.743400
-0.002500 0.666400 0.745600
0.170900 0.645300 0.744600
-0.330100 0.578100 0.746300
-0.576500 0.332600 0.746400
-0.643800 0.169700 0.746100
-0.666500 -0.003400 0.745500
-0.559600 -0.149700 0.815100
-0.503300 -0.285400 0.815600
-0.559400 -0.149900 0.815200
0.149300 -0.557700 0.816500
0.284600 -0.501800 0.816800
0.149400 -0.557600 0.816600
0.558200 0.149500 0.816100
0.502600 0.285100 0.816200
0.558100 0.149600 0.816200
-0.273200 0.511900 0.814500
-0.148400 0.559400 0.815500
-0.148100 0.560600 0.814800
0.578100 0.004300 0.816000
0.559200 -0.146100 0.816100
0.559100 -0.146000 0.816100
-0.579900 -0.004200 0.814700
-0.580100 -0.004200 0.814500
0.004200 -0.578100 0.815900
-0.146300 -0.559500 0.815800
-0.146300 -0.559600 0.815700
-0.503300 -0.285200 0.815600
-0.411500 -0.406400 0.815800
-0.289200 -0.500900 0.815800
0.004200 -0.577900 0.816100
-0.562800 0.151200 0.812700
-0.560200 0.151800 0.814400
0.284500 -0.501900 0.816800
0.405600 -0.410400 0.816700
0.500100 -0.288500 0.816500
0.405600 -0.410400 0.816800
0.500200 -0.288600 0.816400
0.578000 0.004300 0.816000
-0.004300 0.580100 0.814600
0.146500 0.561100 0.814700
0.146500 0.561000 0.814800
0.502700 0.285200 0.816100
0.411300 0.406700 0.815800
0.289300 0.501600 0.815300
0.411200 0.406700 0.815800
0.289400 0.501700 0.815200
-0.004300 0.580000 0.814600
-0.421200 0.416200 0.805800
-0.271200 0.508500 0.817300
-0.524100 0.285400 0.802400
-0.420800 0.421200 0.803400
-0.526200 0.285500 0.801000
-0.731600 0.194000 0.653500
-0.194000 -0.731600 0.653600
0.195900 -0.730900 0.653800
0.731600 -0.194000 0.653600
0.656500 0.376100 0.653900
0.536400 0.533600 0.653800
0.194000 0.731600 0.653500
-0.195900 0.730900 0.653800
-0.376100 0.656500 0.653900
0.378400 0.655400 0.653700
0.730900 0.195900 0.653800
0.376100 -0.656500 0.653900
-0.378400 -0.655400 0.653700
-0.731300 -0.195100 0.653500
-0.657100 -0.375600 0.653600
-0.533600 0.536400 0.653800
-0.536400 -0.533600 0.653800
0.655400 -0.378400 0.653700
-0.002500 0.756900 0.653600
0.756900 0.002500 0.653600
0.533600 -0.536400 0.653800
0.002500 -0.756900 0.653600
-0.756900 -0.002500 0.653600
-0.655400 0.378400 0.653700
0.197600 -0.736400 0.647000
0.198300 -0.736200 0.647000
0.006500 -0.761600 0.648000
-0.192300 -0.736400 0.648600
-0.194900 -0.736300 0.648000
0.003400 -0.762200 0.647300
-0.660200 -0.377300 0.649500
-0.734500 -0.197600 0.649200
-0.734600 -0.197200 0.649200
-0.760000 -0.006200 0.649900
-0.735000 0.192300 0.650200
-0.735000 0.194400 0.649600
-0.760600 -0.003500 0.649200
-0.377500 0.660000 0.649500
-0.197300 0.735100 0.648600
-0.197500 0.735000 0.648600
-0.005700 0.761000 0.648800
0.193100 0.736300 0.648600
0.194500 0.736300 0.648000
-0.003700 0.761500 0.648200
0.661700 0.378500 0.647300
0.736300 0.199900 0.646400
0.737100 0.198600 0.645900
0.762500 0.026600 0.646500
0.741100 -0.205800 0.639100
0.741700 -0.203900 0.639000
0.768000 0.008200 0.640400
-0.375400 0.662000 0.648800
-0.535400 0.539400 0.650000
-0.534000 0.541500 0.649300
0.376800 -0.663300 0.646600
0.378300 -0.661800 0.647200
-0.661600 -0.375800 0.648900
-0.539900 -0.535600 0.649400
-0.541400 -0.534700 0.648800
-0.380600 -0.659000 0.648800
-0.380900 -0.658800 0.648700
0.536900 -0.541200 0.647200
0.537000 -0.539600 0.648500
-0.658000 0.380500 0.649800
-0.658100 0.380300 0.649900
0.663600 0.376300 0.646500
0.540600 0.536700 0.647800
0.542900 0.535200 0.647100
0.381600 0.659300 0.647900
0.381000 0.659600 0.647900
0.657000 -0.390400 0.645000
0.658500 -0.377900 0.650800
240
0 0 1 2 0 1 2 1
0 3 4 5 3 4 5 1
0 6 7 8 6 7 8 1
0 9 10 11 9 10 11 1
0 12 13 14 12 13 14 1
0 15 16 17 15 4 3 1
0 13 12 18 13 12 16 1
0 19 20 21 17 18 2 1
0 22 23 24 19 20 21 1
0 25 26 27 22 23 24 1
0 26 25 28 23 22 25 1
0 29 18 24 26 16 21 1
0 30 31 27 27 28 24 1
0 32 5 33 29 5 30 1
0 34 35 36 31 32 33 1
0 37 36 35 34 33 32 1
0 38 9 39 35 9 36 1
0 40 41 8 37 38 8 1
0 42 11 10 39 11 10 1
0 43 44 45 40 41 42 1
0 46 45 44 43 42 41 1
0 47 43 48 44 40 45 1
0 0 46 1 0 43 1 1
0 49 47 48 46 44 45 1
0 20 19 50 18 17 47 1
0 28 20 50 25 18 47 1
0 49 48 41 46 45 38 1
0 40 49 41 37 46 38 1
0 6 42 7 6 39 7 1
0 9 38 10 9 35 10 1
0 32 3 5 29 3 5 1
0 15 37 16 15 34 4 1
0 34 12 14 31 12 14 1
0 29 13 18 26 13 16 1
0 22 30 23 19 27 20 1
0 27 31 25 24 28 22 1
0 51 19 21 1 17 2 1
0 50 26 28 47 23 25 1
0 30 22 31 27 19 28 1
0 23 29 24 20 26 21 1
0 34 14 35 31 14 32 1
0 37 15 36 34 15 33 1
0 39 32 33 36 29 30 1
0 33 38 39 30 35 36 1
0 42 6 11 39 6 11 1
0 7 40 8 7 37 8 1
0 43 47 44 40 44 41 1
0 46 0 45 43 0 42 1
0 52 53 54 48 26 49 1
0 55 56 57 50 23 51 1
0 58 59 60 52 17 53 1
0 61 62 63 54 41 44 1
0 64 65 66 55 46 37 1
0 67 68 69 56 10 35 1
0 70 71 72 57 30 5 1
0 73 74 52 58 13 48 1
0 54 75 76 49 20 59 1
0 77 78 55 60 24 50 1
0 76 79 77 59 27 60 1
0 57 80 58 51 47 52 1
0 81 59 82 61 17 1 1
0 83 84 62 62 43 41 1
0 85 82 84 63 1 43 1
0 86 63 65 64 44 46 1
0 87 66 88 65 37 7 1
0 89 90 68 66 39 10 1
0 91 88 90 67 7 39 1
0 92 69 71 68 35 30 1
0 70 93 94 57 4 69 1
0 95 96 97 70 32 71 1
0 94 98 95 69 34 70 1
0 97 99 73 71 14 58 1
0 100 101 102 72 73 74 1
0 103 104 105 75 76 77 1
0 106 107 108 78 79 80 1
0 109 110 111 81 82 83 1
0 112 113 114 84 85 86 1
0 100 115 116 72 87 88 1
0 117 118 119 89 90 91 1
0 120 121 101 92 93 73 1
0 122 123 121 93 94 93 1
0 124 118 123 94 90 94 1
0 103 125 117 75 95 89 1
0 116 126 127 88 96 97 1
0 128 129 104 98 99 76 1
0 130 129 131 100 99 101 1
0 114 132 130 86 102 100 1
0 106 133 112 78 103 84 1
0 134 135 136 104 105 106 1
0 137 138 107 107 108 79 1
0 139 138 140 109 108 110 1
0 136 141 139 106 111 109 1
0 111 142 134 83 112 104 1
0 109 143 144 81 113 114 1
0 145 143 146 115 113 116 1
0 145 126 147 115 96 117 1
0 148 149 150 2 118 0 1
0 151 152 153 8 119 6 1
0 154 155 156 11 120 9 1
0 157 158 159 3 121 15 1
0 160 161 162 16 122 123 1
0 163 164 165 21 124 19 1
0 166 167 168 25 125 126 1
0 160 169 163 16 127 21 1
0 170 171 172 33 128 31 1
0 173 155 174 36 120 129 1
0 175 176 151 38 130 8 1
0 177 178 179 42 131 40 1
0 180 178 181 45 131 132 1
0 182 168 183 18 126 133 1
0 175 181 184 38 132 134 1
0 185 186 157 29 135 3 1
0 187 171 161 12 128 122 1
0 188 167 189 28 125 22 1
0 165 190 188 19 136 28 1
0 159 191 170 15 137 33 1
0 185 174 192 29 129 138 1
0 153 193 154 6 139 11 1
0 150 194 177 0 140 42 1
0 182 195 148 18 141 2 1
0 196 197 198 142 143 144 1
0 199 200 201 145 146 147 1
0 202 203 204 148 149 150 1
0 204 203 205 150 149 151 1
0 206 207 208 152 153 154 1
0 209 210 211 155 156 157 1
0 211 210 212 157 156 158 1
0 213 214 215 159 160 161 1
0 216 217 218 162 163 164 1
0 218 217 219 164 163 165 1
0 220 221 222 166 167 168 1
0 223 224 225 169 170 171 1
0 196 198 201 142 144 147 1
0 226 197 227 172 143 173 1
0 228 229 230 174 175 176 1
0 200 231 232 146 177 178 1
0 199 201 198 145 147 144 1
0 200 199 231 146 145 177 1
0 202 229 228 148 175 174 1
0 232 230 229 178 176 175 1
0 231 230 232 177 176 178 1
0 204 205 208 150 151 154 1
0 228 203 202 174 149 148 1
0 226 233 234 172 179 180 1
0 207 235 236 153 181 182 1
0 206 208 205 152 154 151 1
0 207 206 235 153 152 181 1
0 209 224 223 155 170 169 1
0 237 225 224 182 171 170 1
0 238 225 237 181 171 182 1
0 211 212 215 157 158 161 1
0 223 210 209 169 156 155 1
0 239 240 241 183 184 185 1
0 214 242 243 160 186 187 1
0 213 215 212 159 161 158 1
0 214 213 242 160 159 186 1
0 216 240 239 162 184 183 1
0 243 241 240 187 185 184 1
0 242 241 243 186 185 187 1
0 218 219 222 164 165 168 1
0 239 217 216 183 163 162 1
0 221 244 245 167 188 189 1
0 220 222 219 166 168 165 1
0 221 220 244 167 166 188 1
0 227 233 226 173 179 172 1
0 246 234 233 189 180 179 1
0 247 234 246 188 180 189 1
0 227 197 196 173 143 142 1
0 52 74 53 48 13 26 1
0 55 78 56 50 24 23 1
0 58 80 59 52 47 17 1
0 61 83 62 54 62 41 1
0 64 86 65 55 64 46 1
0 67 89 68 56 66 10 1
0 70 92 71 57 68 30 1
0 73 99 74 58 14 13 1
0 54 53 75 49 26 20 1
0 77 79 78 60 27 24 1
0 76 75 79 59 20 27 1
0 57 56 80 51 23 47 1
0 81 60 59 61 53 17 1
0 83 85 84 62 63 43 1
0 85 81 82 63 61 1 1
0 86 61 63 64 54 44 1
0 87 64 66 65 55 37 1
0 89 91 90 66 67 39 1
0 91 87 88 67 65 7 1
0 92 67 69 68 56 35 1
0 70 72 93 57 5 4 1
0 95 98 96 70 34 32 1
0 94 93 98 69 4 34 1
0 97 96 99 71 32 14 1
0 100 120 101 72 92 73 1
0 103 128 104 75 98 76 1
0 106 137 107 78 107 79 1
0 109 144 110 81 114 82 1
0 112 133 113 84 103 85 1
0 100 102 115 72 74 87 1
0 117 125 118 89 95 90 1
0 120 122 121 92 93 93 1
0 122 124 123 93 94 94 1
0 124 119 118 94 91 90 1
0 103 105 125 75 77 95 1
0 116 115 126 88 87 96 1
0 128 131 129 98 101 99 1
0 130 132 129 100 102 99 1
0 114 113 132 86 85 102 1
0 106 108 133 78 80 103 1
0 134 142 135 104 112 105 1
0 137 140 138 107 110 108 1
0 139 141 138 109 111 108 1
0 136 135 141 106 105 111 1
0 111 110 142 83 82 112 1
0 109 146 143 81 116 113 1
0 145 147 143 115 117 113 1
0 145 127 126 115 97 96 1
0 148 195 149 2 141 118 1
0 151 176 152 8 130 119 1
0 154 193 155 11 139 120 1
0 157 186 158 3 135 121 1
0 160 187 161 16 12 122 1
0 163 169 164 21 127 124 1
0 166 189 167 25 22 125 1
0 160 162 169 16 123 127 1
0 170 191 171 33 137 128 1
0 173 156 155 36 9 120 1
0 175 184 176 38 134 130 1
0 177 194 178 42 140 131 1
0 180 179 178 45 40 131 1
0 182 166 168 18 25 126 1
0 175 180 181 38 45 132 1
0 185 192 186 29 138 135 1
0 187 172 171 12 31 128 1
0 188 190 167 28 136 125 1
0 165 164 190 19 124 136 1
0 159 158 191 15 121 137 1
0 185 173 174 29 36 129 1
0 153 152 193 6 119 139 1
0 150 149 194 0 118 140 1
0 182 183 195 18 133 141 1
"spikes" 0 0
60
0 2.450001 28.955191 5.200000 0.052113 0.060471 0
0 -2.450001 28.955191 5.200000 0.194888 0.060471 0
0 -0.000003 25.940945 8.021700 0.052113 0.060471 0
0 -2.450000 9.900000 -0.943999 0.788358 0.060244 0
0 2.450000 9.900000 -0.943999 0.943335 0.060244 0
0 -0.000002 12.445406 5.000000 0.943335 0.060244 0
0 -2.444383 19.916344 7.021667 0.329057 0.060726 0
0 -0.003654 19.942930 9.800000 0.438413 0.060726 0
0 -0.000003 25.940945 8.021700 0.438413 0.060726 0
0 -2.450001 28.955191 5.200000 0.329057 0.060726 0
0 -0.000002 12.445406 5.000000 0.329057 0.060726 0
0 -2.444383 19.916344 7.021667 0.438413 0.060726 0
0 -2.450000 9.900000 -0.943999 0.329057 0.060726 0
0 2.450000 9.900000 -0.943999 0.540761 0.060242 0
0 2.467758 19.913225 7.021667 0.688668 0.060242 0
0 -0.003654 19.942930 9.800000 0.688668 0.060242 0
0 -0.000002 12.445406 5.000000 0.540761 0.060242 0
0 2.450001 28.955191 5.200000 0.540761 0.060242 0
0 -0.000003 25.940945 8.021700 0.688668 0.060242 0
0 2.467758 19.913225 7.021667 0.540761 0.060242 0
0 23.850929 -16.599358 5.200000 0.825550 0.064287 0
0 26.300928 -12.355833 5.200000 0.968325 0.064287 0
0 22.465517 -12.970470 8.021700 0.825550 0.064287 0
0 9.798652 -2.828238 -0.943999 0.036405 0.064151 0
0 7.348651 -7.071762 -0.943999 0.191382 0.064151 0
0 10.778038 -6.222702 5.000000 0.191382 0.064151 0
0 18.470253 -7.841274 7.021667 0.329057 0.064144 0
0 17.272911 -9.968301 9.800000 0.438413 0.064144 0
0 22.465517 -12.970470 8.021700 0.438413 0.064144 0
0 26.300928 -12.355833 5.200000 0.329057 0.064144 0
0 10.778038 -6.222702 5.000000 0.329057 0.064144 0
0 18.470253 -7.841274 7.021667 0.438413 0.064144 0
0 9.798652 -2.828238 -0.943999 0.329057 0.064144 0
0 7.348651 -7.071762 -0.943999 0.540761 0.064636 0
0 16.011480 -12.093754 7.021667 0.688668 0.064636 0
0 17.272911 -9.968301 9.800000 0.688668 0.064636 0
0 10.778038 -6.222702 5.000000 0.540761 0.064636 0
0 23.850929 -16.599358 5.200000 0.540761 0.064636 0
0 22.465517 -12.970470 8.021700 0.688668 0.064636 0
0 16.011480 -12.093754 7.021667 0.540761 0.064636 0
0 -26.300930 -12.355835 5.200000 0.052113 0.067795 0
0 -23.850929 -16.599360 5.200000 0.194888 0.067795 0
0 -22.465515 -12.970474 8.021700 0.052113 0.067795 0
0 -7.348651 -7.071763 -0.943999 0.788358 0.068301 0
0 -9.798652 -2.828238 -0.943999 0.943335 0.068301 0
0 -10.778036 -6.222704 5.000000 0.943335 0.068301 0
0 -16.025867 -12.075072 7.021667 0.536088 0.068050 0
0 -17.269257 -9.974628 9.800000 0.645445 0.068050 0
0 -22.465515 -12.970474 8.021700 0.645445 0.068050 0
0 -23.850929 -16.599360 5.200000 0.536088 0.068050 0
0 -10.778036 -6.222704 5.000000 0.536088 0.068050 0
0 -16.025867 -12.075072 7.021667 0.645445 0.068050 0
0 -7.348651 -7.071763 -0.943999 0.536088 0.068050 0
0 -9.798652 -2.828238 -0.943999 0.300527 0.068054 0
0 -18.479237 -7.819471 7.021667 0.448433 0.068054 0
0 -17.269257 -9.974628 9.800000 0.448433 0.068054 0
0 -10.778036 -6.222704 5.000000 0.300527 0.068054 0
0 -26.300930 -12.355835 5.200000 0.300527 0.068054 0
0 -22.465515 -12.970474 8.021700 0.448433 0.068054 0
0 -18.479237 -7.819471 7.021667 0.300527 0.068054 0
18
-0.000000 0.683400 0.730000
-0.000000 -0.919300 0.393700
-0.696800 0.166900 0.697600
-0.749300 -0.390000 0.535200
0.746800 -0.392200 0.537100
0.694300 0.168100 0.699800
0.591800 -0.341700 0.730000
-0.796100 0.459600 0.393700
0.492900 0.520000 0.697600
0.036900 0.843900 0.535200
-0.713000 -0.450600 0.537100
-0.201500 -0.685400 0.699800
-0.591800 -0.341700 0.730000
0.796100 0.459600 0.393700
0.203800 -0.686900 0.697600
0.712400 -0.454000 0.535200
-0.033700 0.842800 0.537100
-0.492800 0.517200 0.699800
30
0 0 1 2 0 0 0 1
0 3 4 5 1 1 1 1
0 6 7 8 2 2 2 1
0 6 8 9 2 2 2 1
0 10 7 11 3 3 3 1
0 10 11 12 3 3 3 1
0 13 14 15 4 4 4 1
0 13 15 16 4 4 4 1
0 17 18 15 5 5 5 1
0 17 15 19 5 5 5 1
0 20 21 22 6 6 6 1
0 23 24 25 7 7 7 1
0 26 27 28 8 8 8 1
0 26 28 29 8 8 8 1
0 30 27 31 9 9 9 1
0 30 31 32 9 9 9 1
0 33 34 35 10 10 10 1
0 33 35 36 10 10 10 1
0 37 38 35 11 11 11 1
0 37 35 39 11 11 11 1
0 40 41 42 12 12 12 1
0 43 44 45 13 13 13 1
0 46 47 48 14 14 14 1
0 46 48 49 14 14 14 1
0 50 47 51 15 15 15 1
0 50 51 52 15 15 15 1
0 53 54 55 16 16 16 1
0 53 55 56 16 16 16 1
0 57 58 55 17 17 17 1
0 57 55 59 17 17 17 1

Materials: 2
"white outer"
0.000000 0.000000 0.000000 1.000000
1.000000 1.000000 1.000000 1.000000
1.000000 1.000000 1.000000 1.000000
0.000000 0.000000 0.000000 1.000000
0.000000
1.000000
"_mine tex.png"
""
"red middle"
1.000000 1.000000 1.000000 1.000000
1.000000 1.000000 1.000000 1.000000
0.898039 0.898039 0.898039 1.000000
0.000000 0.000000 0.000000 1.000000
12.799999
1.000000
"_mine ani tex.ini"
""

Bones: 1
"joint1"
""
0 0 0 0 0 0 0
2
1.000000 0.000000 0.000000 0.000000
120.000000 0.000000 0.000000 0.000000
3
1.000000 0.000000 0.000000 0.000000
60.000000 0.000000 0.000000 3.1
120.000000 0.000000 0.000000 6.2

GroupComments: 0
MaterialComments: 0
BoneComments: 0
ModelComment: 0
