// MilkShape 3D ASCII

Frames: 30
Frame: 1

Meshes: 2
"scroller" 0 0
12
0 0.000000 -23.000000 7.450002 0.551018 0.908796 -1
0 5.751484 -6.169774 7.450000 0.546875 0.643631 -1
0 0.000000 25.620199 7.449998 0.534100 0.327417 -1
0 24.051661 1.516300 7.450000 0.551018 0.356369 -1
0 19.053097 6.692636 7.449999 0.546875 0.356369 -1
0 -5.751484 -6.169774 7.450000 0.546875 0.643631 -1
0 -19.053478 6.692636 7.449999 0.546875 0.356369 -1
0 -24.051661 1.516300 7.450000 0.542731 0.356369 -1
0 0.000000 -23.000000 7.450002 0.542731 0.908796 -1
0 0.000000 25.620199 7.449998 0.559649 0.327417 -1
0 -5.751484 25.620247 7.449998 0.557578 0.261126 -1
0 5.751484 25.620199 7.449998 0.536171 0.261126 -1
12
0.000000 0.000000 1.000000
0.000000 0.000000 1.000000
0.000000 0.000000 1.000000
-0.000000 0.000000 1.000000
-0.000000 0.000000 1.000000
-0.000000 0.000000 1.000000
0.000000 0.000000 1.000000
0.000000 0.000000 1.000000
-0.000000 0.000000 1.000000
-0.000000 0.000000 1.000000
0.000000 0.000000 1.000000
0.000000 0.000000 1.000000
8
0 0 1 2 0 1 2 1
0 1 0 3 1 0 3 1
0 4 1 3 4 1 3 1
0 5 6 7 5 6 7 1
0 5 7 8 5 7 8 1
0 5 8 9 5 8 9 1
0 10 5 9 10 5 9 1
0 1 11 2 1 11 2 1
"shellboi" 0 1
162
0 20.264883 13.016655 0.000000 0.009363 -0.101026 -1
0 19.429560 13.466315 0.000000 0.009108 -0.098578 -1
0 31.403181 1.516300 -0.000000 0.013855 -0.098727 -1
0 19.429560 12.679987 -0.000001 0.009264 -0.093585 -1
0 18.457245 13.016655 -0.000000 0.009005 -0.089548 -1
0 9.788259 4.085963 -0.000000 0.009057 0.022195 -1
0 -18.457245 13.016655 -0.000000 0.006980 -0.089550 -1
0 -19.429560 13.466315 0.000000 0.006876 -0.098579 -1
0 -9.788259 4.085963 -0.000000 0.006928 0.022195 -1
0 10.482342 30.216208 -0.000000 0.004010 -0.148118 -1
0 9.788259 29.553995 -0.000002 0.004003 -0.139508 -1
0 10.482342 5.675669 0.000000 0.008879 0.007696 -1
0 0.000000 30.216208 -0.000000 0.001930 -0.081564 -1
0 -10.482342 5.675669 0.000000 0.007106 0.007694 -1
0 -9.788259 29.553995 0.000000 0.011981 -0.139508 -1
0 -19.429560 12.679987 -0.000001 0.006720 -0.093586 -1
0 -20.264883 13.016655 0.000000 0.006621 -0.101027 -1
0 -32.417458 1.516300 -0.000000 0.001928 -0.105169 -1
0 -31.403181 1.516300 -0.000000 0.002130 -0.098729 -1
0 0.000000 -29.618050 0.000000 0.013802 0.298339 -1
0 0.000000 -30.326008 0.000000 0.013942 0.302834 -1
0 1.839303 -29.237999 -0.000001 0.014091 0.284249 -1
0 32.417458 1.516300 0.000000 0.014056 -0.105168 -1
0 -8.721676 28.509108 1.940147 0.023113 -0.126102 -1
0 0.000000 29.553995 -0.000001 0.024306 -0.077360 -1
0 -9.788259 29.553995 0.000000 0.023110 -0.139508 -1
0 -10.482342 30.216208 -0.000000 0.011975 -0.148120 -1
0 -1.839305 -29.237999 -0.000001 0.001893 0.284247 -1
0 0.000000 -30.326008 0.000000 0.002043 0.302834 -1
0 0.000000 -29.618050 0.000000 0.002183 0.298339 -1
0 5.751484 25.620197 7.500000 0.028125 -0.088900 -1
0 0.000002 28.509108 1.940147 0.026781 -0.070725 -1
0 0.000000 25.620197 7.500000 0.027231 -0.052383 -1
0 0.000001 5.228622 7.500000 0.030401 0.077088 -1
0 5.751486 6.994097 7.500000 0.031021 0.029361 -1
0 0.000001 6.994097 7.500000 0.030127 0.065879 -1
0 -24.051661 1.516300 7.500000 0.027816 -0.052052 -1
0 0.000000 -27.776405 1.905684 0.027001 0.286646 -1
0 0.000000 -23.005936 7.500000 0.027743 0.256357 -1
0 -19.053478 6.692636 7.500000 0.029398 -0.053183 -1
0 0.000000 -10.980106 7.500000 0.029612 0.180002 -1
0 -5.751484 -2.930567 7.500000 0.029970 0.092375 -1
0 5.751486 5.228622 7.500000 0.031295 0.040571 -1
0 8.721676 1.178983 2.299583 0.032387 0.047426 -1
0 0.000000 -8.263762 7.500000 0.030035 0.162755 -1
0 0.000000 -22.086271 7.500001 0.045319 0.250518 -1
0 24.051661 1.516300 7.500000 0.045389 -0.052050 -1
0 23.147432 1.522930 7.500000 0.045247 -0.046351 -1
0 19.053097 6.692636 7.500000 0.043805 -0.053180 -1
0 19.023512 5.738582 7.500000 0.043949 -0.046934 -1
0 -23.147465 1.522963 7.500000 0.038621 -0.046353 -1
0 -19.053478 6.692636 7.500000 0.040063 -0.053183 -1
0 -24.051661 1.516300 7.500000 0.038479 -0.052052 -1
0 0.000000 -22.086271 7.500001 0.038549 0.250518 -1
0 0.000000 -23.005936 7.500000 0.038406 0.256357 -1
0 -19.023849 5.738563 7.499999 0.039919 -0.046937 -1
0 0.000000 -10.980106 7.500000 0.040278 0.180002 -1
0 0.000000 -10.980106 7.500000 0.043590 0.180002 -1
0 0.000000 -11.798820 7.500000 0.043718 0.185200 -1
0 24.051661 1.516300 7.500000 0.034718 -0.052050 -1
0 19.356174 10.900680 1.868897 0.032529 -0.081821 -1
0 19.053097 6.692636 7.500000 0.033136 -0.053180 -1
0 -19.356215 10.900665 1.868895 0.030005 -0.081823 -1
0 -29.609274 1.502575 1.938526 0.026949 -0.087251 -1
0 0.000000 -27.776405 1.905684 0.035533 0.286646 -1
0 0.000000 -23.005936 7.500000 0.034791 0.256357 -1
0 -5.019477 17.986410 7.500000 0.044005 -0.035785 -1
0 0.000000 17.254402 7.500000 0.044673 0.000734 -1
0 0.000000 17.986410 7.500000 0.044787 -0.003914 -1
0 5.019477 24.888189 7.500000 0.038789 -0.079605 -1
0 0.000000 25.620197 7.500000 0.037894 -0.052383 -1
0 0.000000 24.888189 7.500000 0.038008 -0.047735 -1
0 -5.019477 24.888189 7.500000 0.045080 -0.079606 -1
0 -5.751484 17.254402 7.500000 0.043777 -0.035784 -1
0 -5.019477 7.726104 7.500000 0.042408 0.029361 -1
0 0.000001 6.994097 7.500000 0.043076 0.065879 -1
0 0.000001 7.726104 7.500000 0.043190 0.061231 -1
0 5.019479 14.418740 7.500000 0.040418 -0.013132 -1
0 0.000001 15.150747 7.500000 0.039523 0.014090 -1
0 0.000001 14.418740 7.500000 0.039637 0.018738 -1
0 -5.751484 15.150747 7.500000 0.043450 -0.022428 -1
0 -5.751484 6.994097 7.500000 0.042180 0.029361 -1
0 0.000000 -7.265481 7.500000 0.043012 0.156417 -1
0 5.751486 -2.930567 7.500000 0.043233 0.092376 -1
0 5.019479 -2.611057 7.500000 0.043069 0.094995 -1
0 5.019479 4.496615 7.500000 0.041963 0.049866 -1
0 0.000001 5.228622 7.500000 0.041068 0.077088 -1
0 0.000001 4.496615 7.500000 0.041182 0.081736 -1
0 -5.019477 4.496615 7.500000 0.041906 0.049866 -1
0 -5.751484 -2.930567 7.500000 0.040636 0.092375 -1
0 -5.019477 -2.611057 7.500000 0.040799 0.094994 -1
0 5.751486 5.228622 7.500000 0.041963 0.040571 -1
0 19.356174 10.900680 1.868897 0.021646 -0.081821 -1
0 9.788259 4.085963 -0.000000 0.021310 0.022195 -1
0 8.721676 1.178983 2.299583 0.021535 0.047426 -1
0 -19.356215 10.900665 1.868895 0.019664 -0.081823 -1
0 -9.788259 4.085963 -0.000000 0.020000 0.022195 -1
0 -19.429560 12.679987 -0.000001 0.019872 -0.093586 -1
0 8.721679 28.509108 1.940146 0.018197 -0.126100 -1
0 9.788259 29.553995 -0.000002 0.018200 -0.139508 -1
0 0.000000 -27.776405 1.905684 0.024006 0.286646 -1
0 31.403181 1.516300 -0.000000 0.024264 -0.098727 -1
0 29.609251 1.502558 1.938524 0.024046 -0.087250 -1
0 0.000000 -27.776405 1.905684 0.017304 0.286646 -1
0 -31.403181 1.516300 -0.000000 0.017046 -0.098729 -1
0 0.000000 -29.618050 0.000000 0.017079 0.298339 -1
0 19.429560 12.679987 -0.000001 0.021438 -0.093585 -1
0 -8.721676 1.178945 2.299596 0.019775 0.047424 -1
0 0.000000 29.553995 -0.000001 0.017004 -0.077360 -1
0 0.000002 28.509108 1.940147 0.017132 -0.070725 -1
0 -29.609274 1.502575 1.938526 0.017264 -0.087251 -1
0 0.000000 30.216208 -0.000000 0.014055 -0.081564 -1
0 0.000000 29.553995 -0.000001 0.013924 -0.077360 -1
0 0.000001 5.228622 7.500000 0.042801 0.077088 -1
0 -5.751484 5.228622 7.500000 0.041906 0.040570 -1
0 -5.019477 14.418740 7.500000 0.043450 -0.013133 -1
0 0.000001 15.150747 7.500000 0.044345 0.014090 -1
0 5.019479 7.726104 7.500000 0.041460 0.029361 -1
0 0.000001 6.994097 7.500000 0.040793 0.065879 -1
0 5.751486 6.994097 7.500000 0.041688 0.029361 -1
0 0.000000 25.620197 7.500000 0.045975 -0.052383 -1
0 -5.751484 25.620197 7.500000 0.045080 -0.088901 -1
0 5.019477 17.986410 7.500001 0.039863 -0.035784 -1
0 0.000000 17.254402 7.500000 0.039196 0.000734 -1
0 5.751483 17.254402 7.500001 0.040091 -0.035784 -1
0 0.000001 15.150747 7.500000 0.033675 0.014090 -1
0 -5.751484 17.254402 7.500000 0.033108 -0.035784 -1
0 -5.751484 15.150747 7.500000 0.032781 -0.022428 -1
0 -5.751484 25.620197 7.500000 0.034409 -0.088901 -1
0 0.000002 28.509108 1.940147 0.035752 -0.070725 -1
0 -8.721676 28.509108 1.940147 0.034396 -0.126102 -1
0 0.000000 -7.265481 7.500000 0.040856 0.156417 -1
0 0.000000 -8.263762 7.500000 0.040701 0.162755 -1
0 -5.751484 5.228622 7.500000 0.031238 0.040570 -1
0 5.751486 15.150747 7.500000 0.040418 -0.022427 -1
0 5.751483 17.254402 7.500001 0.029426 -0.035784 -1
0 0.000001 15.150747 7.500000 0.028858 0.014090 -1
0 5.751486 15.150747 7.500000 0.029753 -0.022427 -1
0 5.751484 25.620197 7.500000 0.038789 -0.088900 -1
0 5.751486 -2.930567 7.500000 0.032564 0.092376 -1
0 0.000000 -10.980106 7.500000 0.032921 0.180002 -1
0 0.000000 29.553995 -0.000001 0.002061 -0.077360 -1
0 -8.721676 1.178945 2.299596 0.030147 0.047424 -1
0 -5.751484 6.994097 7.500000 0.031513 0.029361 -1
0 0.000000 -8.263762 7.500000 0.032499 0.162755 -1
0 0.000002 28.509108 1.940147 0.024178 -0.070725 -1
0 8.721679 28.509108 1.940146 0.028137 -0.126100 -1
0 0.000000 -23.005936 7.500000 0.045462 0.256357 -1
0 0.000000 -11.798820 7.500000 0.040151 0.185200 -1
0 29.609251 1.502558 1.938524 0.035584 -0.087250 -1
0 0.000000 -8.263762 7.500000 0.043168 0.162755 -1
0 0.000000 -29.618050 0.000000 0.024231 0.298339 -1
0 0.000001 4.496615 7.500000 0.042687 0.081736 -1
0 0.000001 14.418740 7.500000 0.044231 0.018738 -1
0 0.000001 7.726104 7.500000 0.040679 0.061231 -1
0 0.000000 24.888189 7.500000 0.045861 -0.047735 -1
0 0.000000 17.986410 7.500000 0.039082 -0.003914 -1
0 0.000000 17.254402 7.500000 0.034002 0.000734 -1
0 0.000000 25.620197 7.500000 0.035303 -0.052383 -1
0 0.000001 5.228622 7.500000 0.032132 0.077088 -1
0 0.000001 6.994097 7.500000 0.032407 0.065879 -1
0 0.000000 17.254402 7.500000 0.028531 0.000734 -1
40
-0.000000 -0.000000 1.000000
0.201900 0.002600 0.979400
0.002900 0.216700 0.976200
0.239600 0.412900 0.878700
0.447000 0.507700 0.736500
0.163400 0.162700 0.973100
-0.000000 0.181200 0.983500
-0.002900 0.216700 0.976200
-0.201900 0.002600 0.979400
-0.000000 -0.202800 0.979200
-0.000000 0.883000 0.469400
-0.000000 0.503700 0.863900
0.563600 0.570400 0.597500
-0.000000 0.883900 0.467600
-0.000000 0.887400 0.461100
-0.519400 0.012500 0.854400
-0.000000 -0.731200 0.682200
-0.000000 -0.552900 0.833200
0.650700 -0.000000 0.759300
0.225600 0.641100 0.733500
0.519400 0.012500 0.854400
0.022500 0.581000 0.813600
-0.396300 0.382700 0.834500
0.002500 0.748700 0.662900
-0.148200 0.725200 0.672400
-0.723700 0.012700 0.690000
0.059100 0.105700 0.992600
0.561600 0.564400 0.605100
0.723700 0.012700 0.690000
-0.904400 0.005600 0.426600
0.658500 0.003500 0.752600
-0.868300 -0.000000 0.496000
0.560600 0.774900 0.292200
0.587400 0.663100 0.463900
0.882000 -0.000000 0.471200
0.555500 0.631600 0.540800
-0.876300 -0.000000 0.481700
-0.000000 1.000000 -0.000000
-0.882000 -0.000000 0.471200
-0.875600 0.006400 0.483000
137
0 0 1 2 0 0 1 1
0 1 3 2 0 2 1 1
0 4 5 1 0 3 0 1
0 6 7 8 0 0 4 1
0 9 10 11 0 5 0 1
0 12 10 9 0 5 0 1
0 13 8 14 0 4 6 1
0 13 6 8 0 0 4 1
0 7 15 8 0 7 4 1
0 16 17 18 0 0 8 1
0 19 20 21 9 0 0 1
0 22 2 21 0 1 0 1
0 22 0 2 0 0 1 1
0 5 3 1 3 2 0 1
0 10 5 11 5 3 0 1
0 23 24 25 10 11 6 1
0 26 13 14 0 0 6 1
0 17 27 18 0 0 8 1
0 21 2 19 0 1 9 1
0 28 29 27 0 9 0 1
0 27 29 18 0 9 8 1
0 18 7 16 8 0 0 1
0 7 18 15 0 8 7 1
0 4 11 5 0 0 3 1
0 30 31 32 12 13 14 1
0 33 34 35 0 0 0 1
0 36 37 38 15 16 17 1
0 39 40 41 0 0 0 1
0 34 42 43 18 18 19 1
0 44 41 40 0 0 0 1
0 45 46 47 0 20 0 1
0 47 48 49 0 21 0 1
0 50 51 52 0 22 15 1
0 53 52 54 0 15 17 1
0 55 56 51 0 0 22 1
0 49 57 58 0 0 0 1
0 59 60 61 20 23 21 1
0 36 62 63 15 24 25 1
0 64 59 65 16 20 17 1
0 66 67 68 0 0 0 1
0 69 70 71 0 0 0 1
0 72 73 66 0 0 0 1
0 74 75 76 0 0 0 1
0 77 78 79 0 0 0 1
0 74 80 81 0 0 0 1
0 82 83 84 0 26 0 1
0 85 86 87 0 0 0 1
0 88 89 90 0 0 0 1
0 85 83 91 0 26 18 1
0 92 93 94 23 3 19 1
0 95 96 97 24 4 7 1
0 98 93 99 27 3 5 1
0 100 101 102 16 1 28 1
0 103 104 105 16 8 9 1
0 102 106 92 28 2 23 1
0 23 96 107 29 29 29 1
0 98 108 109 27 11 13 1
0 110 97 104 25 7 8 1
0 111 14 112 0 6 11 1
0 88 113 114 0 0 0 1
0 115 116 80 0 0 0 1
0 117 118 119 0 0 18 1
0 72 120 121 0 0 0 1
0 122 123 124 0 0 0 1
0 125 126 127 0 0 0 1
0 128 129 130 14 13 10 1
0 131 89 132 0 0 0 1
0 128 133 127 0 0 0 1
0 77 119 134 0 18 30 1
0 135 136 137 0 0 0 1
0 122 138 69 0 0 0 1
0 139 140 61 26 0 21 1
0 12 141 10 0 11 5 1
0 111 26 14 0 0 6 1
0 142 143 127 31 31 31 1
0 140 139 144 0 26 0 1
0 23 145 24 10 13 11 1
0 30 146 31 12 27 13 1
0 33 42 34 0 0 0 1
0 36 63 37 15 25 16 1
0 41 142 39 32 32 32 1
0 142 62 39 33 33 33 1
0 43 146 137 19 27 30 1
0 146 30 135 27 12 34 1
0 137 146 135 30 27 34 1
0 42 139 43 18 26 19 1
0 43 137 34 19 30 18 1
0 45 147 46 0 17 20 1
0 47 46 48 0 20 21 1
0 50 55 51 0 0 22 1
0 53 50 52 0 0 15 1
0 55 148 56 0 0 0 1
0 49 48 57 0 21 0 1
0 59 149 60 20 28 23 1
0 36 39 62 15 22 24 1
0 64 149 59 16 28 20 1
0 66 73 67 0 0 0 1
0 69 138 70 0 0 0 1
0 72 121 73 0 0 0 1
0 74 81 75 0 0 0 1
0 77 134 78 0 30 0 1
0 74 115 80 0 0 0 1
0 82 150 83 0 0 26 1
0 85 91 86 0 18 0 1
0 88 114 89 0 0 0 1
0 85 84 83 0 0 26 1
0 92 106 93 23 2 3 1
0 95 107 96 24 35 4 1
0 98 94 93 27 19 3 1
0 100 151 101 16 9 1 1
0 103 110 104 16 25 8 1
0 102 101 106 28 1 2 1
0 23 25 96 36 36 36 1
0 98 99 108 27 5 11 1
0 110 95 97 25 24 7 1
0 88 152 113 0 0 0 1
0 115 153 116 0 0 0 1
0 117 154 118 0 0 0 1
0 72 155 120 0 0 0 1
0 122 156 123 0 0 0 1
0 125 157 126 0 0 0 1
0 128 158 129 14 14 13 1
0 131 90 89 0 0 0 1
0 133 159 160 0 0 0 1
0 133 160 143 0 0 0 1
0 127 126 128 37 37 37 1
0 133 143 127 37 37 37 1
0 77 117 119 0 0 18 1
0 135 161 136 0 0 0 1
0 122 124 138 0 0 0 1
0 60 43 61 23 19 21 1
0 43 139 61 19 26 21 1
0 128 130 126 38 38 38 1
0 130 142 127 39 39 39 1
0 126 130 127 38 38 38 1
0 142 41 133 31 31 31 1
0 142 133 143 31 31 31 1

Materials: 2
"19 - Default"
0.588235 0.588235 0.588235 1.000000
0.588235 0.588235 0.588235 1.000000
0.898039 0.898039 0.898039 1.000000
0.000000 0.000000 0.000000 1.000000
12.799999
1.000000
"textures\Tap Note 4th ani texture.ini"
""
"shells"
0.588235 0.588235 0.588235 1.000000
0.588235 0.588235 0.588235 1.000000
0.898039 0.898039 0.898039 1.000000
0.000000 0.000000 0.000000 1.000000
12.799999
1.000000
"textures\Tap Shell 4th ani texture.ini"
""

Bones: 0
GroupComments: 0
MaterialComments: 0
BoneComments: 0
ModelComment: 0
