// MilkShape 3D ASCII

Frames: 30
Frame: 1

Meshes: 2
"scroller" 0 0
12
0 0.000000 -23.000000 7.450002 0.551018 0.908796 -1
0 5.751484 -6.169774 7.450000 0.546875 0.643631 -1
0 0.000000 25.620199 7.449998 0.534100 0.327417 -1
0 24.051661 1.516300 7.450000 0.551018 0.356369 -1
0 19.053097 6.692636 7.449999 0.546875 0.356369 -1
0 -5.751484 -6.169774 7.450000 0.546875 0.643631 -1
0 -19.053478 6.692636 7.449999 0.546875 0.356369 -1
0 -24.051661 1.516300 7.450000 0.542731 0.356369 -1
0 0.000000 -23.000000 7.450002 0.542731 0.908796 -1
0 0.000000 25.620199 7.449998 0.559649 0.327417 -1
0 -5.751484 25.620247 7.449998 0.557578 0.261126 -1
0 5.751484 25.620199 7.449998 0.536171 0.261126 -1
6
-0.001900 0.001800 1.000000
-0.000000 -0.000000 1.000000
-0.006600 0.000800 1.000000
-0.002100 0.001900 1.000000
0.000400 0.000900 1.000000
-0.008000 0.000900 1.000000
8
0 0 1 2 0 1 2 1
0 1 0 3 1 0 1 1
0 4 1 3 1 1 1 1
0 5 6 7 3 1 4 1
0 5 7 8 3 4 0 1
0 5 8 9 3 0 2 1
0 10 5 9 1 3 2 1
0 1 11 2 1 5 2 1
"shell" 0 1
158
3 20.264883 13.016655 0.000000 0.014186 0.377614 -1
3 19.429560 13.466315 0.000000 0.012599 0.275164 -1
3 30.639725 1.516300 -0.000000 0.015100 0.479399 -1
3 19.429560 12.025830 -0.000001 0.012599 0.319358 -1
3 18.457245 13.016655 -0.000000 0.011622 0.337664 -1
3 9.516092 2.614311 -0.000000 0.010158 0.475608 -1
3 -18.457245 13.016655 -0.000000 0.004298 0.337663 -1
3 -19.429560 13.466315 0.000000 0.003322 0.275163 -1
3 -9.516092 2.614311 -0.000000 0.005763 0.475608 -1
3 10.482342 30.216208 -0.000000 0.010646 0.026274 -1
3 9.516092 29.256649 -0.000002 0.010158 0.057524 -1
3 10.482342 5.675669 0.000000 0.010646 0.400164 -1
3 -10.482342 30.216208 -0.000000 0.005275 0.026274 -1
3 -9.516092 29.256649 0.000000 0.005763 0.057524 -1
3 -10.482342 5.675669 0.000000 0.005275 0.400163 -1
3 -19.429560 12.025830 -0.000001 0.003322 0.319358 -1
3 -20.264883 13.016655 0.000000 0.001726 0.377281 -1
3 -32.417458 1.516300 -0.000000 0.000928 0.428340 -1
3 -30.639725 1.516300 -0.000000 0.000821 0.479399 -1
3 0.000000 -28.825134 0.000000 0.007960 0.936315 -1
3 0.000000 -30.326008 0.000000 0.007960 0.980509 -1
3 1.839303 -29.237999 -0.000001 0.011802 0.733684 -1
3 32.417458 1.516300 0.000000 0.013820 0.605175 -1
3 1.839303 -29.237999 -0.000001 0.011867 0.730286 -1
3 32.417458 1.516300 0.000000 0.014979 0.428838 -1
3 10.482342 30.216208 -0.000000 0.009303 0.026274 -1
3 -10.482342 30.216208 -0.000000 0.007960 0.026274 -1
3 -10.482342 30.216208 -0.000000 0.005275 0.213219 -1
3 -32.417458 1.516300 -0.000000 0.002088 0.604677 -1
3 -1.839305 -29.237999 -0.000001 0.004043 0.729800 -1
3 -1.839305 -29.237999 -0.000001 0.004045 0.729954 -1
3 6.366892 19.252312 7.500001 0.032527 0.452735 -1
3 6.366895 15.881964 7.500000 0.030628 0.388556 -1
3 6.366895 8.663067 7.500000 0.032527 0.560673 -1
3 -6.366893 26.561399 7.500000 0.044442 0.134953 -1
3 6.366893 26.561399 7.500000 0.044442 0.032487 -1
3 9.516092 29.256649 -0.000002 0.037781 0.019854 -1
3 -9.516092 29.256649 0.000000 0.037781 0.147586 -1
3 -6.366893 8.663067 7.500000 0.021530 0.727905 -1
3 -6.366893 15.881964 7.500000 0.021530 0.469680 -1
3 -6.366893 19.252312 7.500000 0.021530 0.410090 -1
3 -6.366893 26.561399 7.500000 0.021530 0.145244 -1
3 -9.516092 29.256649 0.000000 0.019215 0.030122 -1
3 -9.516092 2.614311 -0.000000 0.019215 0.873570 -1
3 -6.366893 -0.418290 7.500000 0.021530 0.969576 -1
3 -6.366893 5.738438 7.500000 0.021530 0.790805 -1
3 -6.366893 15.881964 7.500000 0.037396 0.418433 -1
3 6.366895 15.881964 7.500000 0.044592 0.418433 -1
3 6.366892 19.252312 7.500001 0.044592 0.324698 -1
3 -6.366893 19.252312 7.500000 0.037396 0.324698 -1
3 -6.366893 5.738438 7.500000 0.037588 0.670473 -1
3 6.366895 5.738438 7.500000 0.044540 0.670473 -1
3 6.366895 8.663067 7.500000 0.044540 0.573839 -1
3 -6.366893 8.663067 7.500000 0.037588 0.573839 -1
3 24.343857 1.522930 7.500000 0.053774 0.205413 -1
3 0.000000 -23.005936 7.500001 0.053774 0.901853 -1
3 0.000000 -24.749720 7.500002 0.053774 0.955153 -1
3 26.199852 1.516300 7.500000 0.053774 0.205615 -1
3 19.023512 6.680322 7.500000 0.053774 0.100189 -1
3 19.053097 8.407470 7.500000 0.053774 0.047397 -1
3 -24.343887 1.522963 7.500000 0.053774 0.205412 -1
3 -19.023849 6.680302 7.499999 0.053774 0.100189 -1
3 -19.053478 8.407470 7.499999 0.053774 0.047397 -1
3 -26.199846 1.516300 7.500000 0.053774 0.205615 -1
3 -6.568616 -5.502368 7.500000 0.053774 0.468310 -1
3 -5.751484 -4.593981 7.500000 0.053774 0.440545 -1
3 6.568623 -5.502363 7.500000 0.053774 0.468310 -1
3 5.751484 -4.593981 7.500000 0.053774 0.440545 -1
3 0.000000 -10.996120 7.500000 0.053774 0.636230 -1
3 0.000000 -9.404313 7.500000 0.053774 0.587576 -1
3 19.053097 8.407470 7.500000 0.057227 0.396759 -1
3 26.199852 1.516300 7.500000 0.057142 0.671505 -1
3 30.639725 1.516300 -0.000000 0.057543 0.671067 -1
3 19.429560 12.025830 -0.000001 0.057607 0.396762 -1
3 26.199852 1.516300 7.500000 0.057095 0.674767 -1
3 0.000000 -24.749720 7.500002 0.057236 0.953897 -1
3 0.000000 -28.825134 0.000000 0.057625 0.964777 -1
3 30.639725 1.516300 -0.000000 0.057590 0.671812 -1
3 0.000000 -24.749720 7.500002 0.050395 0.958792 -1
3 -26.199846 1.516300 7.500000 0.050553 0.667973 -1
3 -30.639725 1.516300 -0.000000 0.049496 0.667673 -1
3 0.000000 -28.825134 0.000000 0.049362 0.964322 -1
3 -26.199846 1.516300 7.500000 0.050385 0.666442 -1
3 -19.053478 8.407470 7.499999 0.050449 0.391015 -1
3 -19.429560 12.025830 -0.000001 0.049700 0.390698 -1
3 -30.639725 1.516300 -0.000000 0.049609 0.665538 -1
3 6.366895 -0.418290 7.500000 0.030776 0.927873 -1
3 9.516092 2.614311 -0.000000 0.034080 0.838937 -1
3 9.516092 29.256649 -0.000002 0.034080 0.057607 -1
3 6.366893 26.561399 7.500000 0.030776 0.164250 -1
3 6.366892 19.252312 7.500001 0.030776 0.409591 -1
3 6.366895 15.881964 7.500000 0.030776 0.464793 -1
3 6.366895 8.663067 7.500000 0.030776 0.704000 -1
3 6.366895 5.738438 7.500000 0.030776 0.762268 -1
3 19.429560 12.025830 -0.000001 0.058195 0.357775 -1
3 9.516092 2.614311 -0.000000 0.058195 0.214423 -1
3 19.053097 8.407470 7.500000 0.057485 0.355571 -1
3 -5.209276 25.672533 7.500000 0.038175 0.219895 -1
3 5.209276 25.672533 7.500000 0.043603 0.219895 -1
3 6.366893 26.561399 7.500000 0.043875 0.215244 -1
3 -6.366893 26.561399 7.500000 0.037904 0.215244 -1
3 5.209275 20.141178 7.500001 0.043603 0.285001 -1
3 -5.209276 20.141178 7.500000 0.038175 0.285001 -1
3 -6.366893 19.252312 7.500000 0.037904 0.289651 -1
3 6.366892 19.252312 7.500001 0.043875 0.289651 -1
3 5.209276 25.672533 7.500000 0.026324 0.219895 -1
3 5.209275 20.141178 7.500001 0.026324 0.285001 -1
3 6.366892 19.252312 7.500001 0.026595 0.289651 -1
3 6.366893 26.561399 7.500000 0.026595 0.215244 -1
3 -5.209276 20.141178 7.500000 0.026361 0.285001 -1
3 -5.209276 25.672533 7.500000 0.026361 0.219895 -1
3 -6.366893 26.561399 7.500000 0.026090 0.215244 -1
3 -6.366893 19.252312 7.500000 0.026090 0.289651 -1
3 -5.209276 9.541475 7.500000 0.026732 0.534722 -1
3 -5.209276 15.003555 7.500000 0.026732 0.459861 -1
3 -6.366893 15.881964 7.500000 0.026488 0.454356 -1
3 -6.366893 8.663067 7.500000 0.026488 0.540227 -1
3 5.209278 15.003555 7.500000 0.026163 0.459861 -1
3 5.209278 9.541475 7.500000 0.026163 0.534722 -1
3 6.366895 8.663067 7.500000 0.026408 0.540227 -1
3 6.366895 15.881964 7.500000 0.026408 0.454356 -1
3 -5.209276 15.003555 7.500000 0.038546 0.459861 -1
3 5.209278 15.003555 7.500000 0.043442 0.459861 -1
3 6.366895 15.881964 7.500000 0.043687 0.454356 -1
3 -6.366893 15.881964 7.500000 0.038301 0.454356 -1
3 5.209278 9.541475 7.500000 0.043442 0.534722 -1
3 -5.209276 9.541475 7.500000 0.038546 0.534722 -1
3 -6.366893 8.663067 7.500000 0.038301 0.540227 -1
3 6.366895 8.663067 7.500000 0.043687 0.540227 -1
3 -5.209276 -0.091202 7.500000 0.026540 0.750294 -1
3 -5.209276 4.824859 7.500000 0.026540 0.712636 -1
3 -6.366893 5.738438 7.500000 0.026267 0.708614 -1
3 -6.366893 -0.418290 7.500000 0.026267 0.752049 -1
3 -5.209276 4.824859 7.500000 0.038354 0.712636 -1
3 5.209278 4.824859 7.500000 0.043826 0.712636 -1
3 6.366895 5.738438 7.500000 0.044100 0.708614 -1
3 -6.366893 5.738438 7.500000 0.038080 0.708614 -1
3 5.209278 4.824859 7.500000 0.026547 0.712636 -1
3 5.209278 -0.091202 7.500000 0.026547 0.750294 -1
3 6.366895 -0.418290 7.500000 0.026820 0.752049 -1
3 6.366895 5.738438 7.500000 0.026820 0.708614 -1
3 0.000000 -4.454725 7.500000 0.041090 0.787587 -1
3 -5.209276 -0.091202 7.500000 0.038354 0.750294 -1
3 -6.366893 -0.418290 7.500000 0.038080 0.752049 -1
3 -0.000000 -5.751484 7.500000 0.041090 0.793071 -1
3 5.209278 -0.091202 7.500000 0.043826 0.750294 -1
3 6.366895 -0.418290 7.500000 0.044100 0.752049 -1
3 6.366895 -0.418290 7.500000 0.058195 0.163775 -1
3 -0.000000 -5.751484 7.500000 0.058195 0.081496 -1
3 5.751484 -4.593981 7.500000 0.057485 0.161583 -1
3 -19.429560 12.025830 -0.000001 0.049501 0.353853 -1
3 -19.053478 8.407470 7.499999 0.050806 0.353853 -1
3 -9.516092 2.614311 -0.000000 0.049501 0.210093 -1
3 -5.751484 -4.593981 7.500000 0.050806 0.131341 -1
3 -6.366893 -0.418290 7.500000 0.049501 0.158009 -1
3 -0.000000 -5.751484 7.500000 0.049501 0.038958 -1
3 0.000000 -9.404313 7.500000 0.057485 0.082965 -1
3 0.000000 -9.404313 7.500000 0.050806 0.038958 -1
22
-0.000000 -0.000000 1.000000
0.259000 0.002300 0.965900
0.004000 0.293100 0.956100
-0.466900 0.593900 0.655200
0.466900 0.593900 0.655200
-0.000000 0.209200 0.977900
-0.004000 0.293100 0.956100
-0.259000 0.002300 0.965900
-0.000000 -0.270200 0.962800
-0.265200 -0.000000 -0.964200
-0.000000 0.622400 0.782700
-0.922000 -0.000000 0.387100
-0.000000 -0.634600 0.772800
0.634300 0.009600 0.773100
-0.019900 0.656100 0.754500
0.019900 0.656000 0.754500
-0.634300 0.009600 0.773100
-0.035200 0.068700 0.997000
0.035200 0.068600 0.997000
0.922000 -0.000000 0.387100
-0.435600 -0.064200 0.897900
0.435600 -0.064200 0.897900
103
0 0 1 2 0 0 1 1
0 1 3 2 0 2 1 1
0 4 5 1 0 3 0 1
0 6 7 8 0 0 4 1
0 9 10 11 0 5 0 1
0 12 13 10 0 5 5 1
0 14 8 13 0 4 5 1
0 14 6 8 0 0 4 1
0 7 15 8 0 6 4 1
0 16 17 18 0 0 7 1
0 19 20 21 8 0 0 1
0 22 2 23 0 1 0 1
0 24 0 2 0 0 1 1
0 5 3 1 3 2 0 1
0 10 5 11 5 3 0 1
0 25 26 10 0 0 5 1
0 27 14 13 0 0 5 1
0 28 29 18 0 0 7 1
0 21 2 19 0 1 8 1
0 20 19 30 0 8 0 1
0 29 19 18 0 8 7 1
0 18 7 16 7 0 0 1
0 7 18 15 0 7 6 1
0 4 11 5 0 0 3 1
0 31 32 33 9 9 9 1
0 34 35 36 10 10 5 1
0 34 36 37 10 5 5 1
0 38 39 40 11 11 11 1
0 38 40 41 11 11 11 1
0 38 41 42 11 11 11 1
0 38 42 43 11 11 11 1
0 38 43 44 11 11 11 1
0 38 44 45 11 11 11 1
0 46 47 48 0 0 0 1
0 46 48 49 0 0 0 1
0 50 51 52 0 0 0 1
0 50 52 53 0 0 0 1
0 54 55 56 0 0 12 1
0 54 56 57 0 12 13 1
0 58 54 57 0 0 13 1
0 58 57 59 0 13 14 1
0 60 61 62 0 0 15 1
0 60 62 63 0 15 16 1
0 55 60 63 0 0 16 1
0 55 63 56 0 16 12 1
0 61 64 65 0 0 17 1
0 61 65 62 0 17 15 1
0 66 58 59 0 0 14 1
0 66 59 67 0 14 18 1
0 68 66 67 0 0 18 1
0 68 67 69 0 18 0 1
0 64 68 69 0 0 0 1
0 64 69 65 0 0 17 1
0 70 71 72 14 13 1 1
0 70 72 73 14 1 2 1
0 74 75 76 13 12 8 1
0 74 76 77 13 8 1 1
0 78 79 80 12 16 7 1
0 78 80 81 12 7 8 1
0 82 83 84 16 15 6 1
0 82 84 85 16 6 7 1
0 86 87 88 19 19 19 1
0 86 88 89 19 19 19 1
0 86 89 90 19 19 19 1
0 86 90 91 19 19 19 1
0 86 91 92 19 19 19 1
0 86 92 93 19 19 19 1
0 94 95 96 2 3 14 1
0 97 98 99 0 0 10 1
0 97 99 100 0 10 10 1
0 101 102 103 0 0 0 1
0 101 103 104 0 0 0 1
0 105 106 107 0 0 0 1
0 105 107 108 0 0 10 1
0 109 110 111 0 0 10 1
0 109 111 112 0 10 0 1
0 113 114 115 0 0 0 1
0 113 115 116 0 0 0 1
0 117 118 119 0 0 0 1
0 117 119 120 0 0 0 1
0 121 122 123 0 0 0 1
0 121 123 124 0 0 0 1
0 125 126 127 0 0 0 1
0 125 127 128 0 0 0 1
0 129 130 131 0 0 0 1
0 129 131 132 0 0 20 1
0 133 134 135 0 0 0 1
0 133 135 136 0 0 0 1
0 137 138 139 0 0 21 1
0 137 139 140 0 21 0 1
0 141 142 143 0 0 20 1
0 141 143 144 0 20 0 1
0 145 141 144 0 0 0 1
0 145 144 146 0 0 21 1
0 147 148 149 21 0 18 1
0 96 95 149 14 3 18 1
0 150 151 152 6 15 4 1
0 151 153 152 15 17 4 1
0 154 153 155 20 17 0 1
0 148 156 149 0 0 18 1
0 153 157 155 17 0 0 1
0 153 154 152 17 20 4 1
0 95 147 149 3 21 18 1

Materials: 2
"19 - Default"
0.588235 0.588235 0.588235 1.000000
0.588235 0.588235 0.588235 1.000000
0.898039 0.898039 0.898039 1.000000
0.000000 0.000000 0.000000 1.000000
12.799999
1.000000
"textures\Tap Note 4th ani texture.ini"
""
"shells"
0.588235 0.588235 0.588235 1.000000
0.588235 0.588235 0.588235 1.000000
0.898039 0.898039 0.898039 1.000000
0.000000 0.000000 0.000000 1.000000
12.799999
1.000000
"textures\Tap Shell 4th ani texture.ini"
""

Bones: 0
GroupComments: 0
MaterialComments: 0
BoneComments: 0
ModelComment: 0
