// MilkShape 3D ASCII

Frames: 30
Frame: 1

Meshes: 2
"scroller_specil" 0 0
14
0 5.751484 25.620199 7.449998 0.560664 0.273217 -1
0 0.000000 25.620199 7.449998 0.561538 0.320399 -1
0 0.000000 -23.000000 7.450002 0.526777 0.146968 -1
0 5.751484 -6.169774 7.450000 0.538671 0.163482 -1
0 5.751484 -6.169774 7.450000 0.538597 0.163716 -1
0 0.000000 -23.000000 7.450002 0.526822 0.145279 -1
0 24.051661 1.516300 7.450000 0.533313 0.075304 -1
0 19.053097 6.692636 7.449999 0.543705 0.116600 -1
0 -5.751484 -6.169774 7.450000 0.538686 0.163657 -1
0 -19.053478 6.692636 7.449999 0.543794 0.116540 -1
0 -24.051661 1.516300 7.450000 0.533249 0.076202 -1
0 0.000000 -23.000000 7.450002 0.526911 0.145219 -1
0 -5.751484 -6.169774 7.450000 0.538671 0.163482 -1
0 -5.751484 25.620247 7.449998 0.560664 0.273217 -1
1
-0.000000 -0.000000 1.000000
8
0 0 1 2 0 0 0 1
0 3 0 2 0 0 0 1
0 4 5 6 0 0 0 1
0 7 4 6 0 0 0 1
0 8 9 10 0 0 0 1
0 8 10 11 0 0 0 1
0 12 2 1 0 0 0 1
0 13 12 1 0 0 0 1
"shellboi" 0 1
205
0 20.264883 13.016655 0.000000 0.014186 0.377614 -1
0 19.429560 13.466315 0.000000 0.012599 0.275164 -1
0 30.639727 1.516300 -0.000000 0.015100 0.479399 -1
0 19.429560 12.025830 -0.000001 0.012599 0.319358 -1
0 18.457245 13.016655 -0.000000 0.011622 0.337664 -1
0 9.516092 2.614311 -0.000000 0.010158 0.475608 -1
0 -18.457245 13.016655 -0.000000 0.004298 0.337663 -1
0 -19.429560 13.466315 0.000000 0.003322 0.275163 -1
0 -9.516092 2.614311 -0.000000 0.005763 0.475608 -1
0 10.482342 30.216208 -0.000000 0.010646 0.026274 -1
0 9.516092 29.256649 -0.000002 0.010158 0.057524 -1
0 10.482342 5.675669 0.000000 0.010646 0.400164 -1
0 -10.482342 30.216208 -0.000000 0.005275 0.026274 -1
0 -9.516092 29.256649 0.000000 0.005763 0.057524 -1
0 -10.482342 5.675669 0.000000 0.005275 0.400163 -1
0 -19.429560 12.025830 -0.000001 0.003322 0.319358 -1
0 -20.264883 13.016655 0.000000 0.001726 0.377281 -1
0 -32.417458 1.516300 -0.000000 0.000928 0.428340 -1
0 -30.639725 1.516300 -0.000000 0.000821 0.479399 -1
0 0.000000 -28.825136 0.000000 0.007960 0.936315 -1
0 0.000000 -30.326008 0.000000 0.007960 0.980509 -1
0 1.839303 -29.237999 -0.000001 0.011802 0.733684 -1
0 32.417458 1.516300 0.000000 0.013820 0.605175 -1
0 1.839303 -29.237999 -0.000001 0.011867 0.730286 -1
0 32.417458 1.516300 0.000000 0.014979 0.428838 -1
0 10.482342 30.216208 -0.000000 0.009303 0.026274 -1
0 -10.482342 30.216208 -0.000000 0.007960 0.026274 -1
0 -10.482342 30.216208 -0.000000 0.005275 0.306691 -1
0 -10.482342 5.675669 0.000000 0.005537 0.215908 -1
0 -32.417458 1.516300 -0.000000 0.002088 0.604677 -1
0 -1.839305 -29.237999 -0.000001 0.004043 0.729800 -1
0 -1.839305 -29.237999 -0.000001 0.004045 0.729954 -1
0 30.639727 1.516300 -0.000000 0.046734 0.760636 -1
0 24.051661 1.516300 7.500000 0.032060 0.743490 -1
0 0.000000 -28.825136 0.000000 0.046706 0.992548 -1
0 30.639727 1.516300 -0.000000 0.046793 0.737086 -1
0 19.429560 12.025830 -0.000001 0.046811 0.610876 -1
0 24.051661 1.516300 7.500000 0.032060 0.713706 -1
0 19.429560 12.025830 -0.000001 0.046789 0.610562 -1
0 19.053097 6.692636 7.500000 0.032143 0.610543 -1
0 24.051661 1.516300 7.500000 0.031991 0.713054 -1
0 9.516092 29.256649 -0.000002 0.015773 0.007641 -1
0 -9.516092 29.256649 0.000000 0.015773 0.007641 -1
0 5.751484 25.620247 7.499998 0.031398 0.008233 -1
0 0.000000 25.620247 7.499998 0.031398 0.008233 -1
0 -19.429560 12.025830 -0.000001 0.015836 0.613354 -1
0 -30.639725 1.516300 -0.000000 0.015877 0.667645 -1
0 -19.053478 6.692636 7.499999 0.030525 0.612529 -1
0 -30.639725 1.516300 -0.000000 0.015844 0.668548 -1
0 -24.051661 1.516300 7.500000 0.030525 0.669025 -1
0 -19.053478 6.692636 7.499999 0.030525 0.610432 -1
0 -30.639725 1.516300 -0.000000 0.015844 0.672681 -1
0 0.000000 -28.825136 0.000000 0.015779 0.995115 -1
0 -24.051661 1.516300 7.500000 0.030525 0.671106 -1
0 0.000000 -28.825136 0.000000 0.015877 0.990023 -1
0 0.000000 -23.005936 7.500001 0.030470 0.988825 -1
0 -24.051661 1.516300 7.500000 0.030470 0.671923 -1
0 -19.429560 12.025830 -0.000001 0.015836 0.601265 -1
0 -19.053478 6.692636 7.499999 0.030591 0.599908 -1
0 -5.751484 -6.000000 7.500000 0.031376 0.500544 -1
0 24.051661 1.516300 7.500000 0.031977 0.742607 -1
0 0.000000 -23.005936 7.500001 0.031977 0.984763 -1
0 0.000000 -28.825136 0.000000 0.046793 0.992548 -1
0 -7.000000 -3.500000 5.440000 0.026575 0.495535 -1
0 -19.429560 12.025830 -0.000001 0.015850 0.601035 -1
0 -5.751484 -6.000000 7.500000 0.031367 0.499989 -1
0 5.751484 25.620247 7.499998 0.031449 0.020217 -1
0 5.751484 15.122312 7.499998 0.031441 0.077703 -1
0 9.516092 17.045858 -0.000001 0.046698 0.218508 -1
0 -5.751484 -6.000000 7.500000 0.030704 0.524627 -1
0 -5.751484 -4.498073 7.500000 0.030753 0.494135 -1
0 7.000000 -3.500000 5.440000 0.035921 0.498293 -1
0 19.429560 12.025830 -0.000001 0.046739 0.609739 -1
0 9.516092 2.614311 -0.000000 0.046324 0.471407 -1
0 -5.751484 10.503046 7.499999 0.026741 0.226834 -1
0 0.000000 8.104950 7.499998 0.031383 0.194193 -1
0 -5.751484 13.490954 7.499999 0.026531 0.194193 -1
0 5.751484 10.503046 7.499999 0.036078 0.223864 -1
0 0.000000 5.228622 7.499998 0.031383 0.226187 -1
0 0.000000 -9.961351 7.499995 0.056221 0.485332 -1
0 -5.751484 -6.000000 7.500000 0.053601 0.518067 -1
0 0.000000 -11.502968 7.499995 0.056221 0.518067 -1
0 5.751484 -6.000000 7.500000 0.058945 0.518067 -1
0 0.000000 5.228622 7.499998 0.056183 0.256387 -1
0 -5.751484 8.867237 7.499999 0.053596 0.287295 -1
0 0.000000 3.592603 7.499998 0.056183 0.287295 -1
0 5.751484 8.867237 7.499999 0.058945 0.287295 -1
0 5.751484 10.503046 7.499999 0.058945 0.256387 -1
0 0.000000 9.735785 7.499999 0.056157 0.159970 -1
0 -5.751484 13.490954 7.499999 0.053596 0.126444 -1
0 0.000000 8.104950 7.499998 0.053596 0.159970 -1
0 5.751484 13.490954 7.499999 0.058927 0.126444 -1
0 0.000000 8.104950 7.499998 0.058927 0.159970 -1
0 0.000000 -6.043293 7.499996 0.056250 0.399638 -1
0 -5.751484 -2.091474 7.500000 0.053601 0.429521 -1
0 0.000000 -7.684837 7.499996 0.056250 0.429521 -1
0 5.751484 -2.091474 7.500000 0.058945 0.429521 -1
0 -5.751484 -4.498073 7.500000 0.027812 0.476956 -1
0 0.000000 -7.684837 7.499996 0.031977 0.444326 -1
0 -5.751484 -2.091474 7.500000 0.029284 0.441216 -1
0 5.751484 -4.498073 7.500000 0.036481 0.478733 -1
0 0.000000 -9.961351 7.499995 0.031977 0.476956 -1
0 5.751484 13.490954 7.499999 0.031636 0.192872 -1
0 5.751484 10.503046 7.499999 0.031636 0.224860 -1
0 9.516092 17.045858 -0.000001 0.046629 0.191853 -1
0 -9.516092 2.614311 -0.000000 0.016052 0.462126 -1
0 -5.751484 -0.500953 7.499999 0.030791 0.378608 -1
0 -5.751484 8.867237 7.499999 0.030791 0.281976 -1
0 -9.516092 17.046280 -0.000000 0.005763 0.235195 -1
0 -9.516092 14.057568 -0.000000 0.005763 0.296035 -1
0 6.251252 -1.466763 6.504342 0.033465 0.414213 -1
0 9.516092 2.614311 -0.000000 0.046698 0.448397 -1
0 5.751484 -0.500953 7.499999 0.031404 0.378091 -1
0 -5.751484 -2.091474 7.500000 0.025732 0.441796 -1
0 -6.251252 -1.466763 6.504343 0.029267 0.441796 -1
0 -5.751484 -4.498073 7.500000 0.027841 0.476956 -1
0 6.251252 -1.466763 6.504342 0.031973 0.444141 -1
0 5.751484 -2.091474 7.500000 0.036512 0.444141 -1
0 5.751484 -4.498073 7.500000 0.034879 0.477990 -1
0 6.251252 -1.466763 6.504342 0.034868 0.443887 -1
0 7.000000 -3.500000 5.440000 0.037147 0.476956 -1
0 9.516092 2.614311 -0.000000 0.046321 0.471892 -1
0 -7.000000 -3.500000 5.440000 0.026090 0.472725 -1
0 -6.251252 -1.466763 6.504343 0.027907 0.441796 -1
0 -9.516092 2.614311 -0.000000 0.016417 0.465164 -1
0 5.751484 -4.498073 7.500000 0.032565 0.496446 -1
0 5.751484 -6.000000 7.500000 0.032411 0.521835 -1
0 0.000000 -21.093069 7.500001 0.052435 0.983396 -1
0 24.051661 1.516300 7.500000 0.047220 0.788255 -1
0 22.182634 1.523573 7.500000 0.052435 0.788255 -1
0 19.014860 4.804008 7.500000 0.052435 0.731509 -1
0 19.053097 6.692636 7.500000 0.047220 0.731509 -1
0 -19.015196 4.803982 7.500000 0.052435 0.731509 -1
0 -24.051661 1.516300 7.500000 0.047220 0.788255 -1
0 -22.182667 1.523609 7.500000 0.052435 0.788255 -1
0 0.000000 -23.005936 7.500001 0.047220 0.983396 -1
0 0.000000 -11.502968 7.499995 0.047220 0.502097 -1
0 0.000009 -13.355072 7.499996 0.052435 0.502097 -1
0 -19.053478 6.692636 7.499999 0.047220 0.731509 -1
0 -4.643286 6.347254 7.499999 0.052435 0.311812 -1
0 -5.751484 -0.500953 7.499999 0.047220 0.382120 -1
0 -4.643286 -0.029856 7.499999 0.052435 0.382120 -1
0 4.643286 6.347254 7.499999 0.052435 0.311812 -1
0 5.751484 -0.500953 7.499999 0.047220 0.382120 -1
0 5.751484 8.867237 7.499999 0.047220 0.311812 -1
0 0.000000 3.592603 7.499998 0.047220 0.276915 -1
0 -5.751484 8.867237 7.499999 0.047220 0.311812 -1
0 0.000000 2.088939 7.499998 0.052435 0.276915 -1
0 0.000000 -4.504295 7.499996 0.052435 0.436361 -1
0 0.000000 -6.043293 7.499996 0.047220 0.436361 -1
0 4.643286 -0.029856 7.499999 0.052435 0.382120 -1
0 -4.430664 24.299427 7.499998 0.052435 0.041814 -1
0 0.000000 25.620247 7.499998 0.047220 0.074017 -1
0 -5.751484 25.620247 7.499998 0.047220 0.041814 -1
0 -4.430664 24.299427 7.499998 0.052435 0.074017 -1
0 -5.751484 15.122312 7.499998 0.047220 0.176394 -1
0 -4.430663 15.694932 7.499998 0.052435 0.176394 -1
0 4.430664 24.299427 7.499998 0.052435 0.074017 -1
0 5.751484 15.122312 7.499998 0.047220 0.176394 -1
0 5.751484 25.620247 7.499998 0.047220 0.074017 -1
0 0.000000 11.545415 7.499999 0.052435 0.220929 -1
0 0.000000 9.735785 7.499999 0.047220 0.220929 -1
0 4.430663 15.694932 7.499998 0.052435 0.176394 -1
0 19.429560 12.025830 -0.000001 0.046751 0.610335 -1
0 5.751484 -6.000000 7.500000 0.032198 0.495446 -1
0 19.053097 6.692636 7.500000 0.032065 0.609212 -1
0 4.430664 24.299427 7.499998 0.052435 0.041814 -1
0 5.751484 25.620247 7.499998 0.047220 0.041814 -1
0 -9.516092 14.057568 -0.000000 0.016530 0.235862 -1
0 -5.751484 10.503046 7.499999 0.029331 0.226314 -1
0 -9.516092 17.046280 -0.000000 0.016530 0.196686 -1
0 -5.751484 25.620247 7.499998 0.031306 0.019672 -1
0 -9.516092 29.256649 0.000000 0.016100 0.019672 -1
0 -9.516092 17.046280 -0.000000 0.016100 0.219594 -1
0 -5.751484 13.490954 7.499999 0.029331 0.194193 -1
0 9.516092 14.057569 -0.000001 0.046629 0.222812 -1
0 -5.751484 25.620247 7.499998 0.031398 0.008233 -1
0 -9.516092 2.614311 -0.000000 0.016662 0.464605 -1
0 9.516092 29.256649 -0.000002 0.046793 0.020217 -1
0 5.751484 13.490954 7.499999 0.031460 0.152073 -1
0 5.751484 -6.000000 7.500000 0.032218 0.495615 -1
0 0.000000 5.228622 7.499998 0.031383 0.226729 -1
0 5.751484 13.490954 7.499999 0.036078 0.192860 -1
0 -5.751484 -4.498073 7.500000 0.053601 0.485332 -1
0 5.751484 -4.498073 7.500000 0.058945 0.485332 -1
0 -5.751484 10.503046 7.499999 0.053596 0.256387 -1
0 -5.751484 15.122312 7.499998 0.056157 0.126444 -1
0 5.751484 15.122312 7.499998 0.056157 0.126444 -1
0 -5.751484 -0.500953 7.499999 0.053601 0.399638 -1
0 5.751484 -0.500953 7.499999 0.058945 0.399638 -1
0 5.751484 -2.091474 7.500000 0.036520 0.444326 -1
0 -6.251252 -1.466763 6.504343 0.029202 0.407495 -1
0 -5.751484 -2.091474 7.500000 0.030791 0.408065 -1
0 -5.751484 10.503046 7.499999 0.030791 0.240456 -1
0 -9.516092 14.057568 -0.000000 0.016192 0.240456 -1
0 9.516092 14.057569 -0.000001 0.046698 0.240456 -1
0 5.751484 10.503046 7.499999 0.031416 0.240456 -1
0 5.751484 8.867237 7.499999 0.031408 0.281630 -1
0 5.751484 -2.091474 7.500000 0.031400 0.407547 -1
0 5.751484 -4.498073 7.500000 0.032732 0.475623 -1
0 -5.751484 -4.498073 7.500000 0.030552 0.476956 -1
0 0.000000 24.299427 7.499998 0.052435 0.074017 -1
0 -5.751484 25.620247 7.499998 0.047220 0.074017 -1
0 -5.751484 13.490954 7.499999 0.031306 0.150658 -1
0 -5.751484 15.122312 7.499998 0.031306 0.078509 -1
29
-0.000000 -0.000000 1.000000
0.212200 0.002300 0.977200
0.004200 0.249400 0.968400
0.195100 0.458300 0.867200
-0.195100 0.458300 0.867200
0.175500 0.174300 0.968900
-0.175500 0.174300 0.968900
-0.002400 0.253300 0.967400
-0.215400 0.000900 0.976500
-0.000000 -0.231500 0.972800
0.556000 0.007000 0.831200
-0.000500 0.599300 0.800600
0.423700 0.429900 0.797300
-0.000000 0.530900 0.847400
0.015900 0.594500 0.804000
-0.550500 -0.009000 0.834800
-0.000000 -0.581500 0.813500
-0.067400 0.151200 0.986200
-0.176000 0.599000 0.781200
0.525100 -0.000000 0.851100
0.893700 -0.000000 0.448600
-0.493000 0.005200 0.870000
0.176000 0.599000 0.781200
-0.525100 -0.000000 0.851100
0.067400 0.151200 0.986200
0.493000 0.005200 0.870000
0.882900 0.021800 0.469000
-0.882900 0.021800 0.469000
-0.423700 0.429900 0.797300
131
0 0 1 2 0 0 1 1
0 1 3 2 0 2 1 1
0 4 5 1 0 3 0 1
0 6 7 8 0 0 4 1
0 9 10 11 0 5 0 1
0 12 13 10 0 6 5 1
0 14 6 8 0 0 4 1
0 7 15 8 0 7 4 1
0 16 17 18 0 0 8 1
0 19 20 21 9 0 0 1
0 22 2 23 0 1 0 1
0 24 0 2 0 0 1 1
0 5 3 1 3 2 0 1
0 10 5 11 5 3 0 1
0 25 26 10 0 0 5 1
0 27 28 13 0 0 6 1
0 29 30 18 0 0 8 1
0 21 2 19 0 1 9 1
0 20 19 31 0 9 0 1
0 30 19 18 0 9 8 1
0 18 7 16 8 0 0 1
0 7 18 15 0 8 7 1
0 4 11 5 0 0 3 1
0 32 33 34 1 10 9 1
0 35 36 37 1 2 10 1
0 38 39 40 2 11 10 1
0 41 42 43 5 6 12 1
0 42 44 43 6 13 12 1
0 45 46 47 7 8 14 1
0 48 49 50 8 15 14 1
0 51 52 53 8 9 15 1
0 54 55 56 9 16 15 1
0 57 58 59 7 14 17 1
0 60 61 62 10 16 9 1
0 63 64 65 18 7 17 1
0 66 67 68 12 19 20 1
0 69 70 63 17 21 18 1
0 71 72 73 22 2 3 1
0 74 75 76 23 0 23 1
0 77 75 78 19 0 0 1
0 79 80 81 0 17 0 1
0 82 79 81 24 0 0 1
0 83 84 85 0 23 0 1
0 83 86 87 0 19 19 1
0 88 89 90 0 23 0 1
0 91 88 92 19 0 0 1
0 93 94 95 0 23 0 1
0 96 93 95 19 0 0 1
0 97 98 99 21 0 23 1
0 100 98 101 25 0 0 1
0 102 103 104 19 19 20 1
0 105 106 107 4 23 23 1
0 108 14 109 23 0 23 1
0 110 111 112 26 3 19 1
0 113 114 115 23 27 21 1
0 116 117 118 26 19 25 1
0 119 120 121 26 22 3 1
0 122 123 124 18 27 4 1
0 71 125 126 22 25 24 1
0 127 128 129 0 10 0 1
0 130 128 131 0 10 11 1
0 132 133 134 0 15 0 1
0 127 133 135 0 15 16 1
0 130 136 137 0 0 0 1
0 132 136 138 0 0 14 1
0 139 140 141 0 23 0 1
0 142 143 144 0 19 19 1
0 139 145 146 0 0 23 1
0 142 145 147 0 0 0 1
0 148 140 149 0 23 0 1
0 148 143 150 0 19 0 1
0 151 152 153 0 13 28 1
0 154 155 156 0 23 0 1
0 157 158 159 0 19 12 1
0 160 155 161 0 23 0 1
0 160 158 162 0 19 0 1
0 163 164 165 2 24 11 1
0 152 166 167 13 0 12 1
0 168 169 170 23 23 23 1
0 171 172 173 28 6 23 1
0 169 174 170 23 23 23 1
0 103 175 104 19 20 20 1
0 42 176 44 6 28 13 1
0 63 177 64 18 4 7 1
0 68 178 66 20 5 12 1
0 67 179 68 19 19 20 1
0 71 180 72 22 24 2 1
0 74 181 75 23 0 0 1
0 77 182 75 19 19 0 1
0 79 183 80 0 21 17 1
0 82 184 79 24 25 0 1
0 83 185 84 0 23 23 1
0 83 85 86 0 0 19 1
0 88 186 89 0 23 23 1
0 91 187 88 19 19 0 1
0 93 188 94 0 23 23 1
0 96 189 93 19 19 0 1
0 97 101 98 21 0 0 1
0 100 190 98 25 19 0 1
0 105 191 106 4 27 23 1
0 191 192 106 27 23 23 1
0 193 194 107 23 23 23 1
0 194 105 107 23 4 23 1
0 108 13 14 23 6 0 1
0 14 8 109 0 4 23 1
0 195 196 197 20 19 19 1
0 112 198 110 19 19 26 1
0 195 197 111 20 19 3 1
0 197 112 111 19 19 3 1
0 119 199 120 26 25 22 1
0 122 200 123 18 21 27 1
0 127 135 128 0 16 10 1
0 130 129 128 0 0 10 1
0 132 138 133 0 14 15 1
0 127 134 133 0 0 15 1
0 130 131 136 0 11 0 1
0 132 137 136 0 0 0 1
0 139 146 140 0 23 23 1
0 142 150 143 0 0 19 1
0 139 147 145 0 0 0 1
0 142 144 145 0 19 0 1
0 148 141 140 0 0 23 1
0 148 149 143 0 0 19 1
0 151 201 152 0 0 13 1
0 154 202 155 0 28 23 1
0 157 162 158 0 0 19 1
0 160 156 155 0 0 23 1
0 160 161 158 0 0 19 1
0 152 201 166 13 0 0 1
0 173 203 204 23 23 23 1
0 204 171 173 23 28 23 1

Materials: 2
"19 - Default"
0.588235 0.588235 0.588235 1.000000
0.588235 0.588235 0.588235 1.000000
0.898039 0.898039 0.898039 1.000000
0.000000 0.000000 0.000000 1.000000
12.799999
1.000000
"textures\Tap Note 4th ani texture.ini"
""
"shells"
0.588235 0.588235 0.588235 1.000000
0.588235 0.588235 0.588235 1.000000
0.898039 0.898039 0.898039 1.000000
0.000000 0.000000 0.000000 1.000000
12.799999
1.000000
"textures\Tap Shell 4th ani texture.ini"
""

Bones: 0
GroupComments: 0
MaterialComments: 0
BoneComments: 0
ModelComment: 0
